,acc_pred[0],acc_pred[1],acc_pred[2]
0,0.9009727463201471,0.007371667636000181,0.0
1,0.879647722122891,-0.07485316557894685,0.0
2,0.8597773850241206,-0.003924498742112576,0.0
3,0.8862057256844708,0.04145796515835355,0.0
4,0.9005761631879634,-0.010681486586225733,0.0
5,0.8833150739534575,-0.017866048795674747,0.0
6,0.8539258159788982,-0.03447379093719445,0.0
7,0.8319929702282586,-0.04249012406475218,0.0
8,0.8643272148527693,-0.06613818319382181,0.0
9,0.8438440329206811,-0.030874689480861656,0.0
10,0.847436756093424,0.008160727860037987,0.0
11,0.8228055070593462,0.0181583145168582,0.0
12,0.8540741795221087,-0.022866032211176245,0.0
13,0.82278854362976,-0.12675670929911945,0.0
14,0.8374735064118823,-0.045312504314013576,0.0
15,0.8219749968437539,-0.07443532084690856,0.0
16,0.7842791642261425,-0.06843047275036351,0.0
17,0.8192248932166815,-0.11018883753769072,0.0
18,0.818412872467463,0.10850004970229098,0.0
19,0.8256005214764842,-0.07077895331341086,0.0
20,0.8210452642831231,0.03342978169729349,0.0
21,0.8299485709183786,-0.06340278296683699,0.0
22,0.7994917022814321,-0.06496481140262166,0.0
23,0.8524660878865332,0.10760511145849792,0.0
24,0.7897304226522341,-0.1188944566410347,0.0
25,0.7888400025696771,-0.06813717243714301,0.0
26,0.7893281416776111,-0.10424448364784016,0.0
27,0.7281311113645157,-0.0971467468924842,0.0
28,0.7788391850255617,0.05479028037356808,0.0
29,0.758501137442745,-0.16736788230993707,0.0
30,0.7690328550618254,-0.07895675950523064,0.0
31,0.7800120952630544,-0.061770939277279,0.0
32,0.7373783616200735,0.01276250976717818,0.0
33,0.749598281584178,-0.03583936786089138,0.0
34,0.7438862546740185,-0.09142776556747198,0.0
35,0.7319560703814387,-0.08671169420951917,0.0
36,0.7677238726146715,-0.03129509604708845,0.0
37,0.755511271662843,-0.0032277222960357104,0.0
38,0.6820437148870138,0.142964334101175,0.0
39,0.7395047167915436,-0.09169570391579003,0.0
40,0.6379454879141481,0.09277064818958357,0.0
41,0.7413871225413914,-0.08654440581750049,0.0
42,0.7176893046055955,-0.00412000456722098,0.0
43,0.7181288981149867,-0.010809218109673883,0.0
44,0.6627128494659185,-0.013322073997580968,0.0
45,0.708557882920304,0.09438049329822175,0.0
46,0.6807295752658429,0.06604900243919853,0.0
47,0.6792015266715504,0.009625529867867374,0.0
48,0.6845402893916903,-0.06131749161141414,0.0
49,0.7043013923230472,-0.0289229059116312,0.0
50,0.6785263458189011,-0.018716714289095413,0.0
51,0.6346501184858401,-0.014150315499211766,0.0
52,0.6660585637227762,-0.02332905574380849,0.0
53,0.6706722447236043,0.029468884221585296,0.0
54,0.6373928527283627,-0.0645930516233243,0.0
55,0.6630375600799578,0.01890290737243567,0.0
56,0.6469369667207187,-0.17041160448992207,0.0
57,0.6149428916783002,-0.03239351684402113,0.0
58,0.6205898359313661,-0.01743120258391239,0.0
59,0.6165168187744249,-0.1436984996126507,0.0
60,0.6130878744540019,-0.07617268904033289,0.0
61,0.6207737182077725,-0.056278336312871026,0.0
62,0.6167495316763575,-0.04528090288215516,0.0
63,0.6099164959400857,-0.021873414970251918,0.0
64,0.6007759512217978,-0.016022695822344345,0.0
65,0.5171039717259683,0.2759353335714566,0.0
66,0.5896024552326189,0.02938406902070376,0.0
67,0.6400091513772663,0.07688485752147307,0.0
68,0.6029234892272588,-0.07705035559543806,0.0
69,0.6101970030992485,-0.06881681362896558,0.0
70,0.5942352635854926,-0.06345519368202812,0.0
71,0.5175247926779817,0.033919627068716006,0.0
72,0.5945627646936654,-0.06181878136906491,0.0
73,0.4909432409604519,0.11143479386641643,0.0
74,0.5869135740037441,0.020366566786278496,0.0
75,0.5560027204438989,0.06500310442679445,0.0
76,0.5733531095693578,-0.004971320909274174,0.0
77,0.5475028993508945,0.14055866639688386,0.0
78,0.5846925456793232,0.1321566886751188,0.0
79,0.523122290376439,-0.07174213199606239,0.0
80,0.5038885496020841,-0.19929106002754693,0.0
81,0.520563398922502,-0.15633692046941813,0.0
82,0.5519406803970232,-0.04977749048032715,0.0
83,0.5323302455880689,0.021570261034604195,0.0
84,0.5135687480280595,-0.08833076545365998,0.0
85,0.5493945415708325,0.04545033305636984,0.0
86,0.52522534593932,-0.16390163214886885,0.0
87,0.48593662033449064,-0.19406600343313893,0.0
88,0.524276541381992,0.03726402373265418,0.0
89,0.49702630958601235,-0.14176419880852162,0.0
90,0.5386266944431524,-0.04930869296343787,0.0
91,0.4667219885004692,-0.14617366649752517,0.0
92,0.5100997660954972,0.000824447428768654,0.0
93,0.438421751080807,0.1148633173680472,0.0
94,0.501205190668999,0.0038603829265639157,0.0
95,0.39563139190736163,0.049365381071520845,0.0
96,0.4529187337504328,-0.03815689993003441,0.0
97,0.4631624429795053,-0.0915342278051406,0.0
98,0.49665460685264573,-0.12891434511401378,0.0
99,0.4767028850538723,0.11831090273736695,0.0
100,0.47493720519036003,-0.06769175462394443,0.0
101,0.4507955696948416,0.022089524432103397,0.0
102,0.47499183338031964,-0.11906238581965323,0.0
103,0.4582918227911478,-0.06195984028859408,0.0
104,0.4429218653649542,-0.08418748365704493,0.0
105,0.4282340288370423,-0.010975681352244445,0.0
106,0.4116484272286809,-0.10742002543455795,0.0
107,0.4282776033944704,-0.14112208105918989,0.0
108,0.4140434037687285,-0.07281722713018605,0.0
109,0.43046393073518213,-0.17594459491859785,0.0
110,0.43515017726129057,-0.0801329983243591,0.0
111,0.3187441103519865,0.20386950180800664,0.0
112,0.4014716137044227,-0.03830691699073705,0.0
113,2.3899031157372765,-1.4727020585045245,0.0
114,3.529318772891232,-0.9791865678467468,0.0
115,3.5242023624982806,-0.2502247097437426,0.0
116,3.4763306643349146,-0.6642258073652529,0.0
117,3.472938658008451,-0.21627688062858957,0.0
118,3.4215521617309475,-0.48421294533498066,0.0
119,3.3736773838878356,-0.20829422582759932,0.0
120,3.1404288239874263,-0.5286102675216408,0.0
121,3.3711156294954674,-0.41190949557806233,0.0
122,3.2580936449488926,-0.7263596032965891,0.0
123,3.260840913338559,-0.5816895967126862,0.0
124,3.238456363670087,-0.26450658620810225,0.0
125,3.137836222898858,-0.5283008741677103,0.0
126,3.088471208294396,-0.47772946488106044,0.0
127,3.149395056307218,-0.43423335275169206,0.0
128,3.125176592916196,-0.2239781380159764,0.0
129,3.1526939231566216,0.40200864793329183,0.0
130,2.959479330237043,1.2627204592000103,-0.02414164361300329
131,3.1737803588043003,1.2598409745624664,0.0
132,3.1478725030878274,1.6722745090522815,3.7003378191071277
133,2.5495794949600623,1.7577746269712424,-5.498362157811165
134,2.50791438282443,3.05945113556963,-2.592112315288701
135,2.1162055312580312,1.2479807529374634,-5.278064445918936
136,2.632854126305276,1.669123809826768,2.257799069521737
137,2.6179917121714276,1.9864311231457161,3.852867371605625
138,2.3664314012070293,1.9109937052359798,2.091125798790504
139,0.9973591575382142,2.177461110556683,-9.037514817893474
140,1.6738507417520605,1.9071019931282251,-0.7373973296201136
141,1.9934019477444958,1.920855110898015,2.475749674960025
142,1.6241226806531386,2.0830832166542943,0.23681515392196922
143,2.1042202060024247,2.072436897403599,4.220259004678842
144,0.5059308178410388,2.4517335486223852,-3.7559535528841415
145,1.7158326505358683,1.3730014950363403,3.0120919294141553
146,0.9445815122459331,2.2115458229261784,-0.31029229972995653
147,1.9588954173671922,2.057012273095639,4.682742539443986
148,1.7788105306000503,1.8678043480469206,4.638311499787264
149,-0.7085480731509773,1.451410172926001,-3.4366820139932703
150,1.9694329818258234,2.186913711244177,5.698779602573751
151,0.9300759565562293,2.0949219487306223,2.3417709252155
152,-0.9889881236047081,0.765308966755839,-2.828622404182168
153,-1.6991466800696724,2.8098480773005448,-4.2213702642533315
154,-1.040794115813311,1.3395612984885237,-1.9279860330250191
155,1.5897480994742461,0.5110739872500689,5.837732592480904
156,1.8202809533162436,0.7742846405299958,6.328375467682265
157,-1.8361339184501773,0.5737756983471568,-1.9816860113548354
158,-0.13889451388732504,0.8955256737848769,2.1597220313202636
159,-0.06126157284829169,-0.2211363327789369,2.4264462006025846
160,0.9423359484464368,-0.403641519236767,4.84934713411557
161,1.091208842256476,-0.2521772077366914,5.334463123380666
162,2.598693530575622,-0.4635085014188062,8.606164465086449
163,0.42252095811291296,-0.3645654288645956,3.5327181692762224
164,2.4350442236446574,-0.3307412743451983,8.129551658170909
165,0.12894934983378067,-0.5346062473529813,3.3680560182578962
166,3.5718885321989746,-0.40645440624424145,10.664810360052314
167,3.018235516888268,-1.331966049496378,9.644739613573968
168,1.8058691502754332,-0.9418379138632876,9.404376241927912
169,0.7435575424238143,-1.1401673066595346,10.251471794506003
170,-1.0216967276915216,-0.6609391945174683,7.925021047205756
171,0.2057196883160639,-0.6282397946991793,10.794101193826211
172,-1.0039335851736129,-0.5080893454087999,7.806806938698471
173,-2.3170984992262675,-0.16466885919096044,4.501276886971216
174,-1.360560375742159,0.053526465737948364,6.511998827276124
175,-1.9933472178962734,-0.15044348230225732,4.456809233958103
176,-1.9180302791970245,0.31163198945527176,4.494461722011582
177,-1.9513038406767729,-0.35001660264855633,4.671214294378198
178,-2.1249892539624433,-0.10878211459893213,3.8600860178990946
179,-1.1225205716163866,-0.2127293059729508,6.300400133884008
180,-1.2898053884602623,-0.3474795365330004,5.556231130440995
181,-0.25226951364204264,-0.23276025945895285,8.479364994791936
182,-1.0430509317275423,-0.28508653535335027,5.631977837058133
183,-2.274485174441053,0.17500752055114954,1.7385476769898724
184,-1.491810152199244,-0.1647237879681201,4.057914906884789
185,-0.9390478146625583,-0.5009518719531463,5.114516329200941
186,-0.6445476644994448,0.21516825141457763,5.922901271409242
187,-0.2153824088548393,-0.3360321004975541,7.496864917448921
188,0.07050854381360114,-0.08793465659810255,8.667544247681603
189,-0.6668542404514632,-0.26201098426577063,4.446323219459412
190,-0.30415410208218924,-0.2454380300697899,6.158597059721559
191,-0.10017826066609542,0.11982184823980543,6.686468190284139
192,0.13933208994861535,0.22224932713337064,7.283710704960371
193,0.29007348656568477,0.23418104501620982,8.627445782327838
194,-0.04553712611903586,0.03135656361148381,5.175658018877287
195,0.12388939819433767,0.42977906383744957,5.251033776712652
196,0.2442823590194571,0.3108871783956429,5.286812035701685
197,0.25423357762878035,0.17143626430156172,6.130144705737958
198,0.27732371656482696,0.34093460247287244,5.0964595398993735
199,0.31342762958608317,0.3568752191136966,4.146521152716928
200,0.4363069001512958,0.3165264490946872,5.852607916728279
201,0.5013837922811285,0.3256943859204565,3.305194130693774
202,0.536630771844302,0.4259227748642933,6.210991604351447
203,0.6184421464982265,0.4187230179701581,4.289749699964893
204,0.6774947109533223,0.4162305373734328,6.15739370606441
205,0.8668310426434909,0.6059772115930038,2.4611823634296695
206,0.883738582378374,0.8015845985367767,4.873569576541517
207,1.1071377134887386,-0.0006636479490256644,2.521342498138069
208,0.971293737228641,0.19906368951639863,4.837457362510034
209,1.4331440997995288,0.44870058640837657,2.770326988559746
210,1.3814400662436392,0.05613288243682759,3.4618285813099656
211,1.265361693147918,0.10086532021140314,2.8439768767881866
212,0.8148189465185285,0.5463625710540359,7.210085649413349
213,0.8821666583740102,0.6178567824822013,7.297808553711608
214,1.2790461969596976,0.10909063233685459,3.9419662422305692
215,1.099118566513483,0.497034629619748,5.640173604212937
216,2.0734070944016496,0.22129099560083063,-1.5617526810888929
217,1.5865369158911566,0.11961643333477526,3.8825321831908637
218,2.0746114826103823,0.661994841824575,0.7621717483028024
219,1.7320790971702198,0.4855986021865153,3.5721361012013952
220,2.1498367432731538,0.4746702358764562,-0.20050576284491312
221,1.7755715235990948,0.7949352158760011,3.2891946122500912
222,2.1031623406398614,0.9510380755179819,1.3626259694291838
223,1.005774046320312,0.7168248530333122,6.562342114682376
224,2.087369997071546,1.2859101673199094,0.10508756249739089
225,2.287494202363853,1.5378511799499839,0.47650224757221754
226,1.8491141131314799,0.98964930693308,1.4663769028843507
227,1.732727738764179,1.1701285807422128,1.7088906118230645
228,2.0172560076583554,2.0591561561688714,-0.5926588856600591
229,1.8491571936333788,1.7547909043816126,0.22804177863201022
230,1.6214511498334796,2.286350826421079,0.2849023810913456
231,0.9289802102886017,1.9468377052823589,6.826594852750797
232,1.2924185338657332,2.6524681832660284,2.697539526489437
233,1.6450793195211584,3.9605282684505982,-0.58505828215201
234,1.520316397999129,3.8147688634161048,0.8462987891410625
235,1.1894203063670206,4.039434733177643,-4.716781087440575
236,1.1528965117475511,5.337903704566453,-2.9754419118027227
237,0.629486129155283,4.483442902389271,-1.9052714457372133
238,0.3855886617568668,4.353186048827688,-0.14129769142888068
239,0.40667658160943115,3.008288023839253,3.3791617810535977
240,0.03135978036355211,-0.3305160418516441,10.736644804551213
241,-0.04778857973724893,1.1917476632126187,3.8897530917391254
242,-0.08493292874123985,1.959275764669576,2.7775339520918463
243,0.04994856234652273,0.3013535341744947,8.085641237985605
244,0.10465317842482445,1.0000014823044676,5.1004966265758
245,0.09220211933401898,0.5301312740382421,7.289715865465661
246,-0.003047479308931312,1.019168208211612,5.060046467898938
247,0.04687658147132514,1.1145704155881542,4.8325380805933165
248,0.08520931919327147,0.35291175631445115,8.388874465822505
249,0.09058214537255228,0.8682445758463817,5.18228980594756
250,0.029421702899987297,1.7935132945410723,2.030751296189722
251,0.13412569347547082,0.4090703229148392,7.955945689513519
252,0.14470572480187893,0.22626148194734488,8.371465006372167
253,0.09847125811485193,0.8657593492491769,6.640588865222855
254,0.08897041449936313,0.5763880359582401,6.031299239411759
255,-0.062334870541508366,3.3898612170893934,0.38729413399165685
256,0.11057190733758138,1.73787256389536,6.607020660645432
257,0.09571534553195976,2.3061527817843306,1.8702520764254251
258,0.07087146847350818,2.471679835720003,4.242839116454279
259,0.048776208931085606,2.1037297976712743,5.402951538236114
260,0.0763783951601269,1.2860859487046488,7.0185883570520815
261,-0.1713587598711581,3.1888397668788757,0.14577156569948985
262,-0.2924499978406395,2.966775843105384,-1.2098429513664124
263,-0.39507626878831537,2.7261007073704664,-1.0793693163666143
264,-0.2877932502532462,2.202160635185249,2.5716984361633743
265,-0.08088795142856142,0.7963678433729832,4.800744036473338
266,-0.28073711607539015,1.4334190114414238,2.867972044353174
267,0.5480709961969041,-0.2591642236331572,10.595785974088177
268,0.6396119006988201,0.6082658324839223,7.544311243644398
269,0.663047040313346,0.3901353173996921,8.040692234835848
270,0.5471231785643395,-0.8467711356478164,13.420950339717947
271,0.5663502658347123,1.582305909732872,3.102740626024741
272,0.7083214411769956,1.1311162160016208,6.4096485682952
273,0.9019242300504776,1.8585408808613608,1.5597989896744262
274,1.0600750392815106,0.3928795822161464,7.8603455738863275
275,1.379762030713449,1.1472323629318546,3.7483306860032504
276,1.291725223016086,0.3458661783088575,9.592012277091127
277,1.6536987143656607,1.2978234482142392,6.704225172800181
278,1.2777598398202008,1.3317880588277227,7.489745092523977
279,2.2882330983119186,2.8995724700182395,1.225598262535387
280,1.5049004221671136,1.7249499850334364,6.854932649114185
281,2.7923981858604257,2.8330869535242975,-0.2921277076067149
282,0.6852194360498615,1.7096628102383573,9.786176281910636
283,1.9879436619022097,1.9794355998853865,4.450408152200648
284,2.2997299075134636,2.5330950383962927,2.761756584641869
285,1.961095170094903,2.358381829706209,4.407605893997336
286,1.9914954866438195,2.6539614897713495,4.10869860231198
287,2.8335518929749353,3.6629210002113037,-0.37346178331574387
288,4.4987895806833915,2.673766403257625,-6.380577876042071
289,3.1192764622307507,3.264769783598657,-0.5126820413556911
290,2.4174256058187122,2.7153940896117312,2.8736152090741296
291,3.3970933842780133,3.217994363424615,-1.740153402940293
292,1.9998427385979942,3.7616847330374603,2.726439486179787
293,2.0079809181258,3.1650292239903357,3.302326355883552
294,1.935477982006895,3.331018994846761,3.2499171676288836
295,2.39132843309767,4.116537554411029,-0.30748145446442515
296,3.200569074803294,5.173335727865667,-10.12530929269109
297,2.27120918290171,4.305866526442565,-2.586103220584107
298,1.0280497627449106,4.055627462711219,5.063416420752128
299,1.5337201251167634,3.99737152434109,-0.4414492629653921
300,1.851637193340194,3.2761256782990817,-5.392833446468345
301,0.7798177979549044,3.9324418551874545,1.9141711975653664
302,0.2782321253899487,5.211087499362845,-13.905035445313516
303,0.17101917318297707,3.5712706511481516,-1.7885890237278876
304,0.2655338420869589,3.4190740405150013,-4.731203932425767
305,0.45786247977172345,2.436292009439836,-3.6560220498171714
306,0.7073176979429882,2.396317472655233,3.369122062873084
307,0.5302581445117454,1.410338499753183,-1.916991597183501
308,0.8766371628510515,1.9712643691076697,3.750546539814038
309,-1.5361989400769156,-4.01311380144231,-16.241355289031926
310,-0.8906867603628967,-1.6165892536670041,-6.403321324463385
311,0.3105314363017149,0.7663479279757691,2.1090216331857516
312,-3.5457746218103043,-8.03027189410172,-17.3063891276034
313,-1.7994573145499089,-5.134941129787213,-7.492261750648523
314,-1.854028837229589,-4.592345080592359,-4.576219854566957
315,-0.11359802603937569,-2.903803493984629,5.641597992551423
316,-3.216976183128855,-7.749931074265362,-0.3502991654098717
317,-1.21116573790141,-2.913265374242828,5.911811709127626
318,-0.8057494503106334,-2.71107358447709,6.9636900766320045
319,-3.8004025105990613,-5.857651217596182,1.0501608345199946
320,-2.271984581467077,-4.307615177071159,4.7153740994674695
321,0.5380236391473602,-0.2865574540267737,9.644077061862045
322,-2.7288810425302708,-3.696744441583645,4.0505948207103755
323,-1.657897835830767,-2.636086644121955,6.240401578514715
324,-3.6120287369353146,-4.762634333421218,3.941630311668786
325,-0.8004382191946228,-1.725673981753209,7.60427622106892
326,-2.1748047150814207,-3.7160346072544796,6.431550426558685
327,0.4814534668799981,-1.761645087520173,10.115596606836778
328,2.8477606705791874,-0.6108373905918286,13.515054455198603
329,1.9294679505731058,-1.4685740238566671,12.578312096323845
330,3.9862718257712486,0.9941556137180994,15.090569018731689
331,4.223291705157379,1.392600361031479,15.94736657955633
332,4.473557541276402,1.7229766645775089,16.531428030220916
333,3.003919842540743,0.21491155729470682,14.825899227768272
334,4.944128345044451,1.9587582930121163,16.28184309794681
335,4.223809547244661,0.35850265037398604,13.198747553277228
336,0.9372443530736343,-3.7162171253405094,5.5250446896833765
337,2.6594903503341905,-1.644291885756548,9.443365828072338
338,1.1623200695668903,-3.9460701540774474,6.115710087381023
339,2.694626026858005,-1.4589342318737009,9.895647174020993
340,1.6397526812560752,-3.434574779983531,6.679259909323886
341,1.586243795810205,-3.5592868959509834,6.960098663176724
342,3.544995266013878,0.8920693475385043,12.099550024002626
343,1.4769312174536078,-3.876304572664598,6.4516791920307295
344,2.5160284845155942,-1.328043394624849,10.067403265810947
345,3.940768358154128,3.8262648055810558,16.26317444300195
346,2.4751211769497132,-1.9503739979564936,7.337414080248153
347,3.507723314563665,0.868193671613119,10.131357272770028
348,2.384823486393729,-5.843793560833563,0.8495092587965303
349,3.978979844085284,-0.1108137933789789,7.743025173732534
350,3.30166267800222,-5.038749269261025,0.2979644368491312
351,2.2351444362926665,-7.2747036857839165,-4.086242129344229
352,3.1160264163931437,-4.479272313332753,-0.5485120267699264
353,3.4800911264200955,-2.40678305152893,3.5073609909497248
354,3.1881726411584634,-2.1443241160058997,2.98328902792041
355,1.7388659514565799,-3.6176472962040624,-0.7325820541319255
356,2.1811608498952673,-3.1591304656175176,-1.8277106683654636
357,1.738510941969038,-0.8338756666976019,11.732386575989938
358,1.6954003956713446,-0.8646017296531515,11.322924092511483
359,1.253491218292964,-1.8414522172108634,8.578985476160591
360,1.2464841310091814,-2.8907911748517883,5.104540892376111
361,1.5422690733023912,-2.368120289855217,7.226402022633503
362,1.2772045266102479,-4.397901487351881,1.7634834116572502
363,1.5374925233345622,-4.4962824332665665,-1.4765423231146746
364,1.9162957852097529,-3.0918650494708513,3.22275770593531
365,1.676043971286671,-2.5000421488066453,7.098416021259026
366,1.2981785200898566,-1.8960150719790736,13.426770395083349
367,3.0253453279243785,-1.6798637268025494,2.7968107053430704
368,5.069583736560784,0.1854158882814503,-2.417293425345118
369,5.358793386880065,0.8612954134801837,-4.937503869072229
370,5.136944165409564,1.7171218528590406,-3.240438957372163
371,5.970998254097903,4.46988858441089,-7.774609260205779
372,6.885689083308716,6.469934973793027,-10.026668574889001
373,4.527323749707254,3.9622063882784717,-2.3183045000604787
374,5.518615471504333,6.673699179306389,-8.399851134066772
375,6.838321320667899,11.795654980992527,-21.679688563308993
376,5.457979878959684,8.060125088509603,-11.172521621937012
377,4.113500199557307,3.8892335494227526,3.9904902994330107
378,2.483165680028556,1.5424198669866225,5.893455900415079
379,1.6676778290752046,4.0358719738474464,-2.5904098317555273
380,1.0645177136735338,5.877825184070117,-6.508021767938709
381,-0.7674951305295352,0.4905939663372735,9.843525424607318
382,-1.6217019713133438,-0.19362085233964793,13.435794028187727
383,-1.112330837413931,4.978266523375422,-1.3937660584334022
384,-1.191202724053665,4.883847244899909,-0.9722834857937996
385,-1.3626298926797933,1.696640176393655,7.000076138530778
386,-0.9042059708241041,5.002081743926028,-0.5660334109425595
387,-1.2775584432578726,3.495290704329496,3.027110369880151
388,-1.4048736281767236,0.983207619720667,8.869956165800605
389,-1.3753129188766777,0.6835001052303047,9.534158047488154
390,-1.8555520336537237,4.663139758143109,-0.46487005118898556
391,-1.1646248969820243,-0.42224242337809387,12.360718129529987
392,-1.6136637604375268,1.929322853094024,5.663946009976901
393,-1.1489241210169685,2.512338305406246,2.8926192321076525
394,-0.849829033399088,5.109434791767265,-0.8002819380196864
395,-0.22518769244342884,2.349505229046192,5.895928606012016
396,-0.23129757895945874,3.88258842006367,3.1931143602227055
397,0.16421430409682483,6.208077489721346,1.6352035928364732
398,0.09260431038256274,6.856002058082089,1.0274922821419519
399,-0.6160831682168102,-3.868906791707421,13.359032593535577
400,-0.4391681805956601,5.820775947653546,4.503940214837203
401,-0.12030534721735531,7.040215352468278,3.8354743585374593
402,-0.8718144990322841,-1.1185569870712049,11.127739161558614
403,-0.19723971259046238,4.152033403365332,6.585990916698613
404,-0.028496805322755094,8.241805630854975,2.248689586376481
405,0.2729372443746755,6.50391321332156,4.839568122954399
406,0.049813265484552005,4.609763024951569,5.852485628578296
407,-0.09916851217114593,2.8071765367116543,7.699673771008789
408,-0.5808442693459904,0.03039106792624747,9.88635221163512
409,0.11465373490917428,3.0232316708748415,8.405077797179077
410,-0.04811128320791833,1.9858665005575338,10.001760655315026
411,0.6236779380705947,5.523952105443921,6.595134377156277
412,0.6981070364945362,6.69637525587889,5.584827275033619
413,0.9174396910261431,7.137592584683901,6.124254632894282
414,0.7858872196596243,7.285393540745126,5.838203505933936
415,1.105031464370918,13.665808579167184,0.6464089715985073
416,0.3547283223399107,7.6124987933726915,6.3918854909716725
417,-0.16709301064169158,3.195904349786149,10.619627125094105
418,-0.2498769066608586,11.72179732535958,3.04941780979819
419,-0.27553869731246733,8.8957005702339,3.9792778576006254
420,-0.8165609863763651,7.647194582511837,5.293478979498201
421,-1.7071793627046252,10.816846693691831,2.2079469230972277
422,-1.2710640006500458,5.661975468317699,6.207229617002469
423,-2.191562440149567,8.406344000100123,2.9907237476142647
424,-2.831336430125354,8.76369625822303,0.9893196517114354
425,-1.6268462960891363,4.318083597320443,5.419475387045191
426,-1.8049437176878396,5.003068390703833,4.676815356727052
427,-1.6027889185522322,4.1653985923546974,5.5659642450826565
428,-1.1008546365038039,2.332345862359727,7.5796170186531455
429,-1.7516806771266973,4.52122390443224,6.711580030089302
430,-1.9761945319759486,5.104351885789681,6.6777442401353655
431,-3.087872010629258,8.006432275217534,4.367326676056656
432,-3.1260149052258877,7.768802232576252,4.427571923192229
433,-2.200025574922526,4.45821652620977,7.171181728900634
434,-4.183255337002209,8.097589063866627,4.468591903035654
435,-2.707168364590528,4.446809749491974,7.1109888802505115
436,-6.592762286194677,10.59723247137296,-0.6875641540396353
437,-5.946742205389716,9.130354917639693,0.6899619915789953
438,-1.7118153204591446,1.9098929696533187,10.175559942416166
439,-8.646752125828456,11.850846509090934,-2.7430936835604767
440,-7.726872771721425,9.82737464581773,-0.7670755518918029
441,-5.898286425319831,7.097059346702722,2.229361340136799
442,-4.84858620351591,5.347546531420102,4.939523237009375
443,-6.712152305303513,7.095948150522325,1.5283812482532055
444,-6.370051174712505,6.2761751791585105,2.9283804100498787
445,-5.94879909112928,5.522459027597613,2.156142303387967
446,-3.108369125380965,2.4251453515327035,7.692395818904824
447,-7.237039656974325,6.05093373917727,2.392232816955924
448,1.0339370446775056,-2.042959421903979,14.243774979640877
449,-3.1983606799243622,1.797638678851229,9.179776205476232
450,-7.499911256489441,5.551890716298088,2.160115965617562
451,-5.226335609222171,3.287553860998394,5.979885806083095
452,-7.955836932794684,5.258209134756449,1.5016074288007564
453,-6.877751685263173,4.027335110345931,3.9651780310789433
454,-6.85599529403818,4.789327951506785,4.694429478072655
455,-8.075365777758497,6.149859958770345,2.0380879762969593
456,-5.962418341172286,5.722450045635774,3.625177382172578
457,-10.77920827742943,7.976424470554357,-2.517937843774243
458,-8.301882038398107,6.5384906980120086,1.1829836480227078
459,-10.523714974845976,7.246781809812372,-2.6538598751205846
460,-2.156625905326275,3.272545819949431,9.771453107319726
461,-5.894945805986865,3.7750233318164237,3.8539638176481428
462,-2.944204838827298,1.744475176489244,7.404121009521055
463,-8.506957045425628,2.519193634054423,-0.13635847751309965
464,-0.759755720387789,-0.6311803067642114,8.973776252552865
465,-6.101965299909707,0.6915502141167823,2.4603872451809554
466,-3.474458689639913,0.17187224653289163,5.331908285010564
467,-8.638130080042158,1.3259001551796281,-0.6237847625264324
468,1.7454503586644003,-1.4127041431944698,12.096674423909478
469,-1.4956586494683943,-0.3963987744287348,7.4266473666331825
470,-3.5088043826038025,0.18248721874954435,4.622211087825113
471,0.7610385853827121,-0.9670264629791977,10.16829773356144
472,0.11217758171448568,-0.8493896594528889,9.555450500034883
473,0.4593768841771781,-0.9643810762148872,10.019000550667496
474,-1.7157376360318848,-0.43105387087755176,7.070875800756481
475,-4.362943822842724,0.6792718229328162,3.3116397776924686
476,-3.7631899754562523,0.45515755931901686,4.276402318150294
477,-2.9139559247960856,0.5795365996669923,4.632385154988353
478,-1.39512775688892,-0.04578789940620249,7.551301939501599
479,-3.706201579912951,0.5899314542302321,1.8074510974865783
480,2.730436636043968,-2.0263508360294473,13.850948692428377
481,-0.053389309215528764,-0.8510082525219425,8.857719207567108
482,0.15959786746782106,-1.1341745308573643,9.879635648584452
483,-6.3530138117454875,1.942163663231961,-3.500790854809345
484,-6.390018950103255,0.6909690015585082,1.3920620380945985
485,-7.942457142404384,0.7391388848922775,1.3164126807373928
486,-9.37728330464594,1.0200378604394484,-1.022095478006948
487,-12.547388377255352,1.2110183835579247,-4.214987553472378
488,-12.167015318216269,0.6165472326886902,-4.534614639141343
489,-14.905485124328221,1.5007549019150395,-11.623454958339666
490,-11.320820399858663,-0.20646532577928683,-5.080764973939472
491,-12.350865912979664,-0.35789295567129037,-7.924964188153011
492,-12.167753672741576,-1.3133699207770724,-6.396051798869733
493,-9.866849301368378,-2.134126055956464,-1.210230771116304
494,-9.576784773836732,-2.050122616808889,-3.271944754814558
495,-9.34625851824962,-2.8091957788589412,-2.083048319927898
496,-8.367546206949003,-2.950657849772897,-0.4168890518808623
497,-6.82452696374844,-3.343993595928859,-0.359298801033684
498,-4.528531468383324,-2.920385995329272,4.17754726347876
499,-11.514058778410575,-7.27461636332344,-15.30124313372439
500,-7.019500042944335,-4.837069420829627,-2.8307529517267334
501,-6.733250003635938,-5.23447226814627,-2.469697938329484
502,-8.116965982066061,-7.076448876668065,-7.629747537922013
503,-7.12389229019202,-7.156111822694861,-5.868420738623762
504,-1.2916099801850913,-1.8851906908848657,8.799345355248555
505,-2.335688142315011,-4.745254925051691,0.7918201826625946
506,0.09208898107338417,-1.7000394559768515,7.675649429617338
507,-0.13279127129688348,-2.437202977036741,5.550903835993196
508,0.3177101262103375,0.11410637308240451,9.998390054103817
509,-2.1520672886028063,-4.047502935508728,-0.9545750857844854
510,-2.7549208965312033,-2.707306399036533,0.07119629345291567
511,-2.4273388586639983,-4.028862788382761,-2.158913846520594
512,-3.1569890666460503,-7.835068063638806,-7.948391425529854
513,-2.8913585285530696,-5.741961948345357,-3.5686658550985544
514,-1.861028945753642,-3.5186269917796382,-0.5504228129821743
515,-1.5823340318510521,-0.3040714464408271,5.190185991301179
516,-1.7011195889333823,-2.8202840342904008,1.2399413490921565
517,-0.916926300626491,3.1432992131502697,10.439739689345494
518,-2.0872974381406584,-2.6962968561187433,2.390426052233795
519,-1.4303662411043885,-0.7301632839105899,4.651164996295266
520,-1.6920235582255727,0.4683062020391701,6.821864892935474
521,-1.398235646371081,-0.25064336400997184,5.459004010772916
522,-1.3730347806775824,-3.45871224711128,0.7882574330634514
523,-1.7264344901139899,-1.8616955420515044,3.543645425590211
524,-1.2769158439992114,2.2433444119400723,8.99979445638146
525,-1.8045282332752763,1.4912810430514394,8.60863529082732
526,-1.3654373260726431,2.0669316278068894,8.771173127750973
527,-1.945587604754347,-0.9005274390578719,5.014890205374756
528,-2.627357714765513,-5.409346409712974,-0.5390147698296329
529,-2.04890578798912,0.21563004720193266,6.9175070644916135
530,-1.5778351538005018,-0.5769909037086938,4.970479577488743
531,-2.0508822179476587,1.9799100705166017,9.821273109351237
532,-2.127850320762214,-0.5013900682632126,5.628946790987501
533,-1.7358481595414936,2.5243552930414705,10.049306136493112
534,-1.969074738790969,0.7827223772279874,7.437423495060639
535,-2.0521339813100425,4.919285800872551,15.854200283176123
536,-2.749378982120904,-1.643677681572339,4.732623586612001
537,-2.1550313734038666,-1.0310670311718786,4.071144878100675
538,-1.5934107878788795,4.507828360226421,14.484002595746086
539,-3.230586603074297,-1.5097798383925987,6.350000746767561
540,-3.8223359242422807,-4.992600093405031,-0.021352524417068253
541,-3.623360599570551,-1.5034158339409682,7.156674310416573
542,-3.874141382750407,-3.183125868550789,4.419046453128342
543,-4.155591936717217,-6.99818225262531,-1.484198078055113
544,-2.284787221435457,-0.888915722309645,5.033220972287923
545,-2.96893490762261,-6.926503936891869,-2.8023518966005656
546,-2.6053776817756855,-0.8912315313742322,6.25229370426414
547,-2.2953547615776024,0.2382410366430952,7.2747901237067945
548,-2.630552002122881,-0.3856179393137782,7.322930170603243
549,-2.3354168919355724,1.4256017245739436,10.428057664118509
550,-2.6584275114224876,-1.2907666432902243,5.299012365636662
551,-2.614230407367121,-1.2877410155359523,4.731848817711036
552,-2.921145558199031,-2.7718457574532875,3.396125946318453
553,-2.134007291791246,1.4008163089802053,9.400453884632757
554,-2.5157904960417414,-0.6415768734110628,6.184163173505892
555,-1.9143031123090277,2.5254447733142906,13.174313735523196
556,-4.006661452211181,-6.141235356128991,1.0603528702777447
557,-4.249295012670541,-8.094257224920588,-1.1138898152250847
558,-4.020825248170059,-7.533687048591446,0.3357954925136857
559,-3.6423077648204756,-8.922953622722948,-3.2189982188372293
560,-3.157911728666388,-12.878431125557299,-10.007134910984744
561,-2.206059306884439,-8.107300300792168,-5.736711663235625
562,-2.192869240648715,-1.7697646962677027,5.415951259916549
563,-2.2675986639815524,0.3777529231522498,9.916956049812267
564,-2.0956299495722384,3.111878201798628,13.122555366268376
565,-2.1699308491256546,-0.015390083662300946,8.56854968592911
566,-2.129961385492773,-1.8569178135134279,5.2044821078051156
567,-2.1523815419234524,-2.364991703204132,3.955465273871161
568,-2.2784992212353483,-2.6597168796590136,4.617453998796697
569,-2.2050537135270747,-2.005215766763135,5.135732571755127
570,-2.2233786058147085,-4.686293533280308,1.0217732428588036
571,-2.2333751592518336,-5.271752376837672,0.24009404715382196
572,-2.2832235257913482,-6.326596131913398,-3.0474191168341633
573,-2.0734201712968523,-2.0153614539097067,5.575119024604847
574,-1.9249204608531894,1.4613189797118276,13.97759033961311
575,-2.331881370233176,-4.841163746124163,5.370026405067055
576,-2.2190808444986954,-4.81524131866031,5.2337334721779225
577,-2.0173552907196495,-7.888247119377259,1.7829556361502692
578,-1.3825497590734088,-13.629941765104807,-8.929418835348203
579,-2.0279396065154063,-1.8470292603223963,11.956346587244724
580,-1.6373920718894033,-5.660074844221785,6.272228277124401
581,0.07154715011554078,-13.51770375019821,-9.705690439436593
582,-0.4035027068960505,-9.743202522711604,-2.139842023958186
583,-0.17905921766113492,-9.709530452525561,-2.403804365145544
584,-0.5369324877947309,-6.5244913375879685,3.0309441912168125
585,-0.32789703723426555,-6.35633755457923,3.152146069452751
586,0.8109047422085905,-8.53551307866248,-1.8958450916731238
587,0.8522129113749837,-6.209217095851543,0.41223146405078426
588,2.028656690780444,-7.399231263223093,-2.8235958113684254
589,-1.993456381858304,4.9232617788675554,19.687720112021946
590,1.2092190410236356,-1.636033298800794,5.650866335898236
591,3.0463400275710373,-3.4175746049291567,2.9373850973126516
592,2.596523340892485,-2.303952727068663,4.167929746767918
593,1.1258852339018774,1.1433277258708994,11.113437006092386
594,2.387546207955067,-2.038727080550326,4.871280948828424
595,4.0296455153568855,-5.066058060900448,-3.020508759692125
596,6.409605758500777,-9.600196388329945,-9.567152733202297
597,2.5306854436690305,-1.8725576981946663,3.850681551039562
598,0.812066067124573,1.267047305146304,11.827030839266996
599,1.2098374271149976,0.43790402150162405,9.420187218045523
600,2.548027332774506,-2.932274143571099,6.916804747292582
601,4.4587014491037635,-6.490556060100972,1.1875877309681169
602,3.8056921136983872,-5.08848378452859,3.0128987233912587
603,3.212038833273247,-3.864227695437157,6.176698322874449
604,2.8882224543851716,-2.6918697820629234,6.298215072221467
605,3.0492568014934935,-2.2012317075777657,3.765119211509105
606,0.032519104524603985,1.5954339068384364,12.567003514589475
607,1.6316755691733142,-0.25898497676723536,7.70042246004122
608,1.3842824168491665,-0.0013804795099496576,8.328693069475591
609,2.4115344328528936,-1.293842367539489,5.638800243521195
610,4.239708305255935,-3.539575546173819,0.756616962765132
611,1.8473440467691564,-0.7574086513233039,6.92196679594237
612,3.0110515776582325,-2.0917659319894826,3.4129595142769724
613,2.778296107412087,-1.9197693034048822,3.2616262573982935
614,1.7780472960838722,-0.8137479784710773,6.3837170641767464
615,3.4730701047771873,-2.849000315198815,1.58742042449942
616,1.9955629860495199,-1.0777455991139282,6.215752028917304
617,1.0903129367366646,0.08419342490702159,8.254324854290996
618,-0.02745397606530892,1.5246883295354048,11.642099414170032
619,3.2671555600633906,-2.925803691733775,3.962862092473001
620,3.0539367629734375,-2.9263808256785677,6.467499717719424
621,4.536366482407991,-4.622458299951312,1.9458560821629576
622,4.654108670900995,-4.589817839582062,2.9288897531041935
623,5.354737883463543,-5.2325519576199735,0.5692086920119683
624,5.294661489767727,-4.8787473199906985,-0.5522667467778487
625,4.497112392379658,-3.703844199559419,2.7629015312248555
626,5.732006961486797,-4.822367063567222,-0.15679172770511815
627,6.378668854867108,-4.861281964225028,-1.4293841465612114
628,2.5260575531532403,-1.4196876113835386,8.360040532448291
629,4.016407311528342,-2.5294729008890187,3.642944466211471
630,-1.0323063724593482,1.8987429276081316,13.521578406766734
631,-2.3901709328421865,2.9956107317204377,16.886017775097883
632,1.1508888712943535,0.011650320464607651,8.003828819908456
633,2.911263353470497,-1.2047659459986189,3.698980928043337
634,1.0114510397849645,0.0938703477458487,7.6950822511845764
635,2.7110939554970175,-1.2176649384326885,3.4083188809167835
636,4.075499986744052,-2.3346203069214018,4.83641469211537
637,5.6984327469937766,-3.728758590979563,0.34759148168745757
638,5.3998224900143175,-3.484410911440736,2.363264029608561
639,4.64054055071209,-2.7099191069530333,5.2439689103045035
640,4.465223829399182,-2.477598081877656,4.376901369614886
641,5.810675517360032,-2.7759391298413316,1.1983299728080397
642,7.472478436318473,-3.4890475947271047,-1.3478711826725103
643,7.98112732655538,-3.247190650103498,-2.8390256695054346
644,4.995520869181106,-1.6942310954102369,3.1492190189235516
645,1.1928322781552063,-0.37250276061232873,7.326420765935332
646,0.059257628350156674,-1.2093906880287,7.796313094197056
647,2.8243326615304456,-3.3003664449698125,1.4593059164368805
648,0.9004674393868962,-3.0288664203178484,6.067540060234722
649,0.7565753620052383,-2.9037300754327897,6.3328912166863995
650,1.0966696076163198,-2.96509654879686,5.411689926282784
651,3.429972789595368,-3.5607837039308845,0.998538105082608
652,0.788062784253881,-2.7398512892385436,4.280477444156102
653,3.405885378636747,-3.4548864566229627,0.40761826082488745
654,-1.8696120163882988,-1.8425035266991272,12.039118003479977
655,-2.0095207554403665,-1.7370242515353684,11.606535671140465
656,2.2317090217150173,-3.2255538776018104,6.317265323328637
657,8.326833555143788,-4.868039967328929,-8.2511248667942
658,7.005032633861183,-4.313643366929251,-3.8072425895844733
659,13.334404595953819,-4.949972939303876,-12.493015774954504
660,9.607865619503356,-3.9177090288805325,-5.446998700205489
661,8.600596714878664,-3.5241670593862766,-3.1602145610369385
662,7.971986384291704,-3.552725746848815,-0.6728352105858415
663,9.149023220368836,-2.961055079739286,-5.924655802504204
664,-1.7395775835961107,-1.8411569467827553,12.38042671167607
665,3.3584329328855143,-2.198564268915495,3.1753752944022247
666,2.7302438122799124,-2.069960089551003,3.278309937616019
667,-2.638985371012268,-1.743178126321158,14.123001479706014
668,0.05958890716961667,-1.9071573588243889,8.751898937130235
669,1.1362255267678056,-2.0324200566891393,6.779270622206677
670,1.31552238793978,-2.032559041795497,6.464148603031606
671,5.5111605008375655,-2.3649886703959937,-3.044610807688569
672,0.3638000130182255,-1.8429153167298145,8.566682769679737
673,-2.6169218316810605,-1.3569087735535694,15.720678783399354
674,4.315604689345768,-2.114223689041911,0.6716250749502087
675,1.747399401221161,-1.8551075312341738,10.045093414143432
676,6.6543932302326905,-2.585247880408348,1.5471568106977263
677,10.057710222942173,-2.5048833857290633,-6.64980010796881
678,-0.48847904223448024,-1.3764155593766632,15.57463189423935
679,10.87322164886358,-1.4447250544008976,-8.061655940871097
680,13.718942251714566,-0.8264983717985899,-14.36076371652336
681,12.834353694942054,-0.2724443543171597,-12.031964466102183
682,16.247529923982253,0.7415323932643955,-15.331715324939724
683,5.494232570514988,-1.0567514133256874,3.9732107963857892
684,6.059059353791808,-0.7962649405485687,3.1083995412055403
685,1.7901265716230548,-1.0944454894018667,13.09664062128631
686,0.1676114943357178,0.3872780507453701,9.29219778648869
687,1.385380066837103,2.2468832943161554,6.068789076376245
688,1.900290031974048,2.1832675422603325,5.052304572643374
689,1.6738135863707726,2.134967609251,5.751924900352169
690,6.392250938248814,3.850416780087851,-7.0508000665749515
691,3.082664080913939,2.7144342996204793,1.4581832346335208
692,0.03681094440715393,1.6967213681069073,9.010339741653947
693,1.412831761479303,2.1484919061553875,5.489299668960453
694,-1.8912188718329337,1.1034478310362585,12.856565961688174
695,-4.461146776958694,0.3558884214321627,19.858933870372
696,0.5727901644295502,1.8621260525131067,7.418391343461122
697,-2.5298299802716335,0.7302302044924387,14.425117433044313
698,5.517457236633781,3.866372917945551,-3.661232394262769
699,2.552651500084875,2.671456214254865,2.4104994240497026
700,-4.329760127984258,0.05284611743336038,17.297314775572886
701,3.230256507901001,2.9098361809662148,1.247998858385676
702,2.685668703955788,2.761657708690792,1.1246970928397138
703,0.5621338172934187,1.731376974664762,7.536946408096576
704,-0.061196488974048925,1.418337993352485,8.586204908951997
705,0.3498217986513694,1.5558282864400679,7.584721811414374
706,6.14455762410433,4.4398511341942335,-7.464146651092684
707,-2.1945383030276155,0.5631495291244036,13.942170926385685
708,-0.8044238081142717,1.062560675694865,10.419189342497535
709,1.520557998451783,1.956649475264211,4.877028843342387
710,3.944149312669495,3.0793369413602094,-2.259924033042257
711,1.479234797031198,1.9606977011352973,4.417901239915825
712,-0.3947859936347764,1.134926430038121,8.72892981646906
713,-2.4415179112673098,0.6296839664496733,13.932194025772613
714,-4.971700745434215,-0.18211536200888656,19.443554440385878
715,-0.9460670728035971,1.0881061085836539,11.128454380001426
716,2.62475868251002,1.9525769412326397,2.0865343464823676
717,-1.6798721559256975,0.8839187715931073,12.26223793957095
718,-2.58864955021435,0.6464590961056492,14.008722128664106
719,2.65082856234293,1.7763577147340717,1.1725559422293022
720,-2.9060207127748012,0.48257114287037567,14.147797209991694
721,-0.3065611566614004,1.2736896889240632,9.450543055281468
722,7.431449177847405,2.7703569428611843,-11.923807343156525
723,6.336082542988582,2.973014105701415,-4.590222213408817
724,0.8083609022226337,1.6577391471036909,8.71111994678192
725,6.000900198001788,2.9197379957188536,-2.032285582088553
726,4.509834874490933,2.394230985893722,-0.37221580653792163
727,0.6048223823303042,1.9173098690657762,9.956182081877325
728,1.5065302744477704,1.994162109459363,7.087929694062589
729,4.597811918001859,2.7928041150251595,0.6763503436684509
730,-0.3026587982441232,1.78542818281093,12.004217413809558
731,5.45168421754808,3.5447410598604447,-1.0985276921658704
732,4.388994188677998,2.7642195760855754,-0.14464522001013586
733,0.19749539099608285,1.864393201188479,10.123971029156316
734,4.321403374958359,3.0894433703004798,-0.40284505062126974
735,3.172140415670133,2.801278997632398,2.493610114025228
736,1.1904264687556352,2.248471209280589,7.614299353591872
737,3.1614520901930314,2.906419886439636,2.0565482187230772
738,6.179183428316307,4.540023372263887,-4.8196650168295925
739,3.623214132004085,3.138234664960651,-0.527577476203362
740,5.4337874827234485,4.666846908369692,-3.390665166327285
741,1.0324840384724276,2.353412825185484,7.338747836972063
742,4.185984077601412,4.032395077443893,-3.9144854019945816
743,4.408901043386054,4.46765169684434,-3.5723354567487937
744,4.416359539966566,4.470598724504771,-5.452613261315031
745,1.0767632156435258,2.5961886220366104,6.7877950244996805
746,1.3799020567516302,2.80606164070446,4.878513351186012
747,5.9759749796169634,7.0581585954651755,-9.408666925934588
748,2.324026849474454,3.800597098376508,1.68686858278098
749,3.9386575371051813,5.868638342333153,-3.742860016914982
750,1.1250379489292666,2.7950460696075834,4.7304295783317665
751,1.7105689407654665,3.9459403106414537,0.5364193893506862
752,0.06082466982667967,2.062478081765527,5.3205543524396575
753,0.6789353411513258,2.783911567359966,0.13990996711856785
754,1.0110872198846843,2.870472686915679,0.22032438445552818
755,-2.446399639153988,-0.815314520570487,14.962614163008517
756,-2.324955159434745,-0.6402288582409381,14.515041739606897
757,2.6755929214385685,5.833832389501493,-8.191185411583307
758,1.363639073362739,3.6385764229254107,1.1547035150078804
759,-1.058384487301145,0.6395627184478734,10.283987474258762
760,-0.871755657949424,0.8724428235544823,8.853782146903757
761,1.7781634217117464,4.258785100003557,-0.6359445232298526
762,0.6379445986799454,2.8174550633275177,1.2363588185711862
763,-0.3074522343748698,1.4927271069408448,6.364662829803445
764,0.13471529058690568,2.0510359132049736,3.610322114234746
765,0.3373779510907356,2.220137511179775,3.0385002372281247
766,-0.01830154470811011,1.7195440488763218,5.52939185205505
767,-2.0531636956185038,-0.6536659528792671,13.855799027773083
768,0.0016998950230840643,1.7868395498153513,4.370865460099575
769,1.1164084292182626,3.0109602096313473,-0.36838137403335525
770,0.2811643687877236,1.9816545870102398,3.84381741372205
771,1.620228405170354,3.875524188053157,-3.1291793811372703
772,0.7280048441795414,2.445524438084023,0.7064782974343486
773,-1.3117661965835414,0.2281314958284005,10.98356526552195
774,2.4061511464876597,4.012779505084332,-6.646834248583169
775,-0.780210393250603,0.6664189582064486,8.924447335305274
776,-2.8046585694567736,-1.1157624275744633,16.43169459124353
777,0.9151421827150008,2.2712056381153296,2.1758488680432087
778,-1.6530546317511625,0.01935779996914236,12.325535220113656
779,0.33043951409768924,1.6404722390104263,4.782019727427532
780,0.7168106681616022,1.9025859579357203,3.5520370555444627
781,0.007702171192564326,1.2318505880213095,5.407743158317752
782,-2.1893677410716843,-0.2851359610130571,13.7166967230662
783,1.9126399842911175,2.370317344227809,-2.0241311238629613
784,1.8952636533613032,3.3257819703177027,1.7208483663782304
785,1.7157325268766528,3.1551130169459007,2.2418141001644005
786,2.874114615523458,4.477050715754034,-0.7602455149563642
787,0.41452559480101775,2.6834231306716325,7.6359514880996375
788,-1.089418488989561,1.9409364958258823,12.943236814944324
789,1.7515385294097314,3.830779819231911,2.3697605564747914
790,2.354527730521672,4.079232831495655,-0.8822683845891892
791,2.7725526338081123,4.862321619099568,-1.729517500994147
792,-0.39583022307181476,2.340761729880748,9.922710797099029
793,4.0155625765748155,6.388637571169639,-8.45358860763982
794,-0.4113237823728241,2.536171096088067,9.898691732911583
795,2.9876092986170555,6.147629579413471,-5.887810479843303
796,2.7658355436104527,5.948698686234688,-7.635577106593638
797,0.5454030256558481,3.212228211778677,4.224936580287922
798,2.7359431717677887,7.07937767312823,-9.965398204954209
799,0.6504445434490372,3.5802073742795906,1.7145005132777171
800,1.9627689688257268,5.9908135041916815,-7.739990999744352
801,1.3824095121073636,5.638486183710824,-2.1994722009451246
802,1.850794793009993,7.22425066055811,-11.843977809580009
803,-0.8588723520435638,1.30049880176583,10.841547449552223
804,-0.2642775297025666,2.5720407007663595,4.056510534937022
805,0.321029149446209,5.405102101302303,-5.919936452030288
806,-1.0437976273813492,0.8185544027784504,12.86955804639631
807,-0.1963671325681102,3.871834724140063,1.9135560327190917
808,-0.4979641983655405,3.754986387235607,0.5469112394754063
809,-0.647358235331347,3.0389640003139697,2.5124430723630145
810,-1.0251200194256873,3.7624247851056203,-2.039242146684693
811,-1.2263952740281008,1.9502052018963734,3.093762579633467
812,-1.4104366850246888,2.404157783418807,0.8348873059177957
813,-1.001504028289796,0.7131600617085335,6.827646255301511
814,-1.2420062289797171,2.8194708852224375,-2.027261493966887
815,-0.9229149293037795,1.3175545012627254,3.464583462141612
816,-0.9221448115005778,1.223899766553988,2.991729471622693
817,-0.9416001266773291,0.270064164306652,4.9267243369220655
818,-1.0802075693580022,0.9887627684748173,1.9775200859981628
819,-1.5772984279881934,-0.0811065982874632,-2.993628122987783
820,-1.099833253082732,-0.419303241891241,2.039386040705175
821,-0.6332420304785455,-0.19112316441207247,7.68791587011345
822,-1.8527992683854206,-1.0103944849224948,-5.917718926955871
823,-1.1364331915820798,-0.8370494059216486,1.8583353791197343
824,-1.1454588251727136,-1.193345884388238,3.30466972803164
825,-0.7229349349199525,-0.5997730815291383,6.516595615396701
826,-0.36268193710166713,0.527313219170109,11.490656375375258
827,-0.239743013033093,0.521095632870721,11.886302948035746
828,-0.349440030279413,0.4252124976568976,10.124666775115923
829,-0.41939693487706575,0.42013781226038255,10.45958702169263
830,-0.38669023572469224,0.6763277610865943,11.267682305735446
831,-0.21543781891249356,1.4434701003587065,12.06943913169352
832,-0.41523605115176543,3.238461195264566,15.870023886217258
833,-0.9394328968693122,-1.1657162429908183,7.326509394149599
834,-1.2532006018261228,-4.231441860383728,2.3035802482061136
835,-1.0336557638626775,-6.656647144105754,-4.329650240944595
836,-0.2766853497986105,-2.891112183006758,-0.12344322567742819
837,-0.23324957429393348,-3.5907012204969098,-0.8642675427053615
838,0.10038645884659972,-1.8312802715076828,1.1172176509165714
839,-0.32762056113084836,-0.8553692037576606,4.536435268529499
840,-0.15720219723538853,-2.735381817169541,0.001294378313803811
841,0.021608534986205918,-1.0797621546632976,2.5180502570219896
842,0.07554091318362414,3.3020006273972844,11.084590150718219
843,-0.7754855526122926,-4.584412121954741,-1.2923821913588256
844,-0.0707009665142294,-1.0810370986803468,3.0404111419382236
845,-0.39453497905939516,-3.4859157420370903,-1.2477013426634271
846,-0.5491402924719512,-2.193247742607776,1.5068944272745806
847,0.06358478795876774,-0.03347184337866714,4.77032481701055
848,-0.8509103123815122,-4.530750823002451,-3.302155652743208
849,0.2605646245524234,3.1867838160689566,11.063462205420024
850,-0.7423042591600187,-3.027679960827111,-1.0072141862672113
851,-1.5201087532657362,-5.657585224710708,-6.9910411592508375
852,-0.11312119449917712,0.19370022387154004,5.07619714421252
853,-2.908156352800541,-7.244001166523284,-10.504769781514288
854,-1.2831095852445296,-2.9760010206033987,-2.9705141181025834
855,-2.112428768921181,-4.344315436269771,-6.177635633686696
856,-3.063553515746147,-4.372631026266145,-4.893327825545488
857,-1.6321706741784618,-1.9317901901999845,-2.14654216126691
858,-1.2801838142499047,-1.5144229050458535,-3.5978576369498865
859,-0.9636915625119736,-0.115288634486317,3.506775266084194
860,-3.0414665130702137,-2.525720076239747,-4.1778257019282
861,-3.9418613084163847,-2.735085176482435,-3.661737402149642
862,-2.215490828042867,-0.6049979668782312,-0.30819209188893926
863,-3.463701694094705,-1.4027866651177348,3.2372405651156724
864,-1.0223672589810433,0.4616058930610541,8.914415728190349
865,-0.4160758943737588,0.864095663503884,11.243370119094815
866,-4.610378016307954,-1.5919105822897062,-0.6341801510024605
867,-3.800539411305307,-1.1320558159536083,1.4742174676614752
868,-2.4362266490095545,-0.29634953871702147,4.861924959672298
869,-1.39311841824542,0.27648470112365486,8.062340028834928
870,-3.9461146765060904,-1.0197250365544814,2.1643498138387143
871,-4.5342102348263635,-1.1201348964095914,0.24443604242412675
872,-0.4310816398579006,0.7770949961910005,10.271701625624772
873,-2.61922487677845,-0.9972465749193006,4.3832181870783495
874,-0.7564592552469585,-0.817697802450166,7.952854385251806
875,-0.6629333734058577,-1.7275977520916768,6.9981168031242476
876,-0.8286524502068021,-2.8575591488008407,6.72187932156689
877,-1.9608589853279104,-3.2500791555937667,1.6780426994740916
878,-3.941726088740597,-4.174046072003664,-1.8070079991714114
879,1.437430628349727,-1.6575444894106188,8.280495849193485
880,-3.4044944420273175,-3.3836347431007603,-2.431198483696746
881,1.6816101264455927,-1.512635455909206,9.529672944397168
882,3.0977288649658625,-0.9419294890322488,12.399093094561001
883,-1.6681340632799984,-2.6341735029253526,1.987261697122671
884,0.6707794831199614,-1.9220100380310905,7.540653711751979
885,-6.760042455193714,-3.98048321710462,-7.009554002323574
886,-1.3638000389352443,-2.498433207943392,2.448281319715981
887,-2.4738582067512653,-2.6990970153095994,0.6214402707910167
888,-1.1012630851736533,-2.225869800465137,1.0818166750473897
889,0.5819180407008476,-1.777873577504909,5.063496668596564
890,-4.477690889701376,-2.919379282472567,-7.948934900090921
891,-5.5441983356323306,-3.116845887483356,-6.876472537981916
892,6.491296861132544,0.11791512299245209,17.934310321460497
893,-5.12902458974084,-2.33252677869469,-6.330961773068839
894,-1.943656366123056,-1.9418146405210535,-0.37460239801943457
895,4.810558319502365,-0.7960915931300263,13.382458019027856
896,-0.5945184910421258,-1.4425288718113776,2.8636512850070432
897,-2.887742246096397,-1.3076046803052237,-2.345191825405438
898,-4.797983812528007,-1.0312154199871177,-5.4941505259332155
899,-1.9188168226180238,-0.8094134503201585,-0.09897839248885569
900,-5.898975963083452,-0.29958389560962595,-5.512418286700195
901,-10.759261483492022,1.1522304291672971,-14.981401510067764
902,-3.902840293266067,0.16182989439063114,-4.3248853419785895
903,-7.354831496641278,2.178291228580366,-15.255631844216008
904,-2.9762054131288553,0.1822457197775925,-1.1098945299007024
905,0.490008304184365,-0.9000176569081947,5.734854756251528
906,-5.811351266035504,1.9118871466086338,-6.5427997012119326
907,-6.40450871568333,2.2346367015924993,-5.765958112326692
908,-1.3371688127310841,0.4864277413017767,1.702514990874433
909,-4.9970897558467104,2.6940978368838784,-4.276650788154726
910,-1.5315130225642004,0.4647908073376139,2.6631015975280965
911,-1.612676019565399,1.1787440671123728,0.5766789755238335
912,4.682442760578664,-3.7548795772838437,13.828332882680215
913,-6.407166879455977,5.4201369951728795,-7.112211129502486
914,-1.7213990877936922,2.1646179042416502,-0.14570509411398588
915,0.056329274903467265,-0.01970206675349113,5.733835963946084
916,0.7744864614771996,-0.35569290541228116,6.677443931843739
917,-7.387056147656337,8.833012296848167,-6.559425716517906
918,-3.51215613216143,4.965929695355399,0.26243485596479593
919,-7.06520634046258,9.824242552078086,-4.863051617661405
920,-0.1583710260343392,0.9279319448056119,8.750281558136825
921,-0.1972570352006177,1.8681482039347954,9.255723182935713
922,-1.6479705529901993,4.363311702294647,5.838912085982027
923,1.9604187091338106,-1.3339775227533988,13.276390401812309
924,-0.43054926517024894,2.3620586308445377,8.349677690874564
925,-1.5907371558472705,4.784889754837271,4.741722905691769
926,0.10870149020267181,1.2650961693166507,9.527557218790081
927,0.4677344623432451,0.6997392420281806,10.419552500345581
928,-0.2998974478231295,1.8635937674892276,8.639955527763561
929,-0.6907325172429858,2.92791797141174,7.0551156454945385
930,0.06721146703105252,1.2462271855927696,9.324845944246418
931,0.9345062651922073,-1.4956678072670133,12.234986604452047
932,-3.089805931391045,4.972265018810662,3.6376784254803405
933,-3.7282302694426495,5.297589180805946,3.207814478319559
934,-0.5042825301640803,-0.7286717555397656,9.070634169187285
935,-4.959247774546412,5.84464939255388,0.3512362525703234
936,-1.8857282141953826,-0.18759691129449277,7.312414349878191
937,-0.19925937117742998,-2.966524047086687,9.32445302841913
938,-0.79547655251359,-2.022519236236524,8.20554110009697
939,-2.932366230785225,1.3117955160854833,3.31231186481249
940,-5.937536938094541,6.818754094635006,-2.7351940534357313
941,-1.9368873677574867,-0.4023183839900773,5.316286531897841
942,-1.4375511348624226,-1.2567445588934625,6.792875530891718
943,-3.7462699815840868,3.0357261534777287,1.788323232253985
944,-3.260985618468387,1.7330998794839403,3.577083807442495
945,-1.80208290471134,-0.947594772805588,6.432302592301392
946,-4.770870877484386,4.951897961711497,0.0615295587756798
947,-3.314124291757235,1.9234872134415961,3.0017125541077037
948,-3.660531577550373,2.885683751322998,1.5240181806847186
949,-1.0771321153030708,-2.4122016149502166,8.252501079755854
950,-1.3153019534888244,-2.243434914296661,7.92239623771185
951,-3.5183155747199604,2.8644711516412147,2.684058580138182
952,-3.5439339114801904,2.8132933900567414,2.791807075777186
953,-2.4125595436968568,0.2706411372332758,5.547316034094387
954,-4.473847071359554,6.21388768796323,-1.0104338586133645
955,-5.309812545230864,9.22364614906297,-5.430006977163659
956,-2.9296321652585497,2.2186334333307993,4.227693288465894
957,-4.864032081177706,8.711322391620897,-2.38795696676117
958,-5.160113613636865,11.683621974847267,-4.132033542032084
959,-3.246362204181983,4.467592659883169,1.6587479270717036
960,-3.1248696411761436,4.945384196897105,1.3773553735744632
961,-3.5697211149400387,10.068550538905484,-2.799790616130473
962,-3.2799369905639475,9.634357143063387,-3.851010456838619
963,-3.1182544875438403,14.012044854253574,-7.710270730188318
964,-2.3716004494631173,7.327856943222422,-1.7581752900939023
965,-2.033585819167915,3.0525138344259246,2.8028558825581777
966,-1.4330759798967763,9.506229425208328,-3.5240521012637167
967,-0.8936861612640971,11.077508784802403,-4.966335439625398
968,-1.0401950525933548,6.590788818557458,-1.971206729701531
969,-1.2371426298777322,3.1209545063271356,3.0522153808924175
970,-1.1708247246906633,2.060008843031458,3.6002502400568677
971,0.19190316212515685,6.750364154709421,-0.6934717847014975
972,0.6731772216158916,6.738928711854809,-0.3146807059043477
973,4.366399003126922,15.555094766717238,-6.050175187255315
974,-1.5867026633204915,-0.2666279025516994,6.362339676059039
975,-1.0453297065712226,1.1059906775360506,5.247281600526715
976,0.5967131112995252,3.959883009676696,2.9565008492105562
977,1.4981944226201458,5.52902880971317,2.0331962819622653
978,-3.1743028326476455,-2.7664741455195156,10.254411633114819
979,0.8297422614843718,3.493841610100707,3.7733564066676526
980,7.751086835010841,12.048513968696765,-4.001791230747828
981,2.705514809807625,5.238682709115633,2.679034798033144
982,-0.13885640441046287,1.6677111677336516,6.474012609599888
983,2.546947935264513,4.207402471642847,2.799403538758219
984,2.9233259360633266,4.369519342635772,2.2316891264946115
985,2.8052245962296642,3.9387193778077623,3.7039841348878744
986,6.532807167096296,6.917576804648636,0.7628397129733407
987,10.063107856512113,8.551358646796402,-4.414834685347156
988,3.9749932762536457,4.3793522111187135,2.8417555457931645
989,3.865778115530684,4.0307393807603304,3.2226993347846986
990,4.540029507647862,4.3202610321369335,2.668434060143767
991,-5.606277270154363,-2.1085109921425635,11.975295519966958
992,14.103881206141507,8.816592243688804,-4.702817567912963
993,1.6807635122613158,2.219956848007101,5.560729063141948
994,-0.841059595554565,0.4403514212799756,7.739395000651327
995,4.111747680134359,1.7824301659165505,3.7623807706328476
996,2.3674323269138458,-1.0641393528886751,6.184236224777727
997,8.290622903697953,1.3511783802815407,1.271937793476182
998,8.894397098920518,1.443867358355796,1.4013532561699866
999,10.65910178852145,1.783988882580968,-0.10046902856263654
1000,4.205428554729793,-0.5073347796432701,3.782925910410563
1001,-1.279587018305297,-2.0780227186196196,9.24391342990634
1002,-4.443804825282577,-2.978833272449056,11.687030096231211
1003,13.23482135885914,1.189649019967466,-1.529960231838554
1004,12.748494820397033,0.8695886827150979,-1.263651756516648
1005,4.056430034777659,-0.7886225606601092,4.567323762279972
1006,7.753266824706212,-0.2254956262413982,0.6129965417692063
1007,17.153823303994344,0.42096642986217647,-5.761002714743421
1008,8.540863967883213,-0.48987862973699675,1.2713126646947597
1009,6.12556669701459,-0.7335925409000171,2.910212404482786
1010,4.544891999298946,-1.0234539284954167,3.7042746739339054
1011,4.255141028660964,-1.1652123360284512,4.525787625329981
1012,1.7126198071079013,-1.27218264886782,6.549506298791887
1013,4.109885882006601,-1.2644561195035289,4.859759319459284
1014,9.633682907322292,-1.755864702865008,-0.0971504949877559
1015,-0.9399441345420353,-1.2205561594191872,8.269297350701125
1016,1.3053181642548748,-1.302466784681709,6.444564675730419
1017,-1.381345246838403,-1.0750513494979346,8.649664189246682
1018,10.087432487329977,-2.53123963331385,-0.8102134487811922
1019,8.993585628624974,-2.7005059804501252,1.0508138347619986
1020,7.325985615003009,-2.5929087919316096,2.135155498950956
1021,0.05982291041335183,-1.2043615504837184,7.26467793745639
1022,-1.3384596190932134,-0.8216043164833716,8.452452536028476
1023,0.7715112921065841,-1.2607596603000422,6.727098484442954
1024,3.5685147476411627,-2.1222907541872926,3.685331085722778
1025,6.586886351824265,-2.974470241667345,0.47496789755497476
1026,5.028212927890229,-2.9472838495984015,3.2352846886123037
1027,-2.232413374727756,-0.2184545425950197,8.678409052470895
1028,8.67767036607133,-4.8541992626954045,-0.9096067746440025
1029,7.771709636433786,-4.579895898449031,0.3493143009422949
1030,11.91419952414185,-7.286744628146827,-3.496726699425981
1031,1.8031004328087659,-1.9820646762845258,5.095684310664777
1032,4.901134022881191,-3.8714030145272216,1.770648677951519
1033,7.435560402835171,-5.375288643265476,-0.689518693288166
1034,-0.4695570153128692,-0.9256355669856915,7.092818848598631
1035,2.755925603720036,-3.0622478394227395,4.0046035157758695
1036,5.257617422429373,-5.367577127049302,-0.1218168734807785
1037,-2.335452814662263,0.4443150992234575,8.97772189691005
1038,2.4475726205285224,-2.898441780659008,3.4394693216263987
1039,11.698254439991487,-11.283907775572606,-6.7104465036438175
1040,-2.105270590022006,0.33568043247225826,9.093441964321041
1041,2.826794200509817,-3.7825110658758776,3.67839885698109
1042,1.4517115942024674,-2.8079868322831305,4.500665696710337
1043,-0.5663328728729983,-1.005118416142777,7.170467602326481
1044,-2.531222299556696,1.1741836592395691,9.383059284396994
1045,6.242234870477156,-9.001609459480523,-3.3922824749106106
1046,5.604213955960915,-8.809955816874528,-3.2512038299636004
1047,2.4989791649793465,-5.1835698794709035,2.2440219101323966
1048,9.388681251705233,-16.133127693713984,-11.160274788421109
1049,3.961930350909165,-7.955888873788243,-2.2556844641354465
1050,-1.3725314099774146,0.017717865658472012,7.869716421714479
1051,4.591948969560105,-10.098711105485572,-5.360255013098439
1052,6.854781434560576,-15.774360214942991,-10.793741515905095
1053,2.5695765370072183,-8.302775537067369,-1.7162368142187963
1054,3.8289114291523094,-10.806476300014413,-6.875293298543831
1055,2.8215623213888374,-9.76873485502587,-4.714348438690081
1056,2.6056818917844975,-10.76325879174041,-5.061749989590618
1057,0.9799347421994438,-5.430670274196117,-0.20009125670073966
1058,1.1018673385207713,-7.450043456306584,-1.3084598972560253
1059,0.6098263211253808,-9.314254440345405,-3.775786579463359
1060,0.08349251123139988,-8.104613496534245,-2.0307099824534554
1061,0.42593231542368043,-10.88416857122501,-5.594178894990944
1062,-0.47765895673462877,-2.864749684150618,2.9275248033394687
1063,-0.0826930674116786,-5.7232290005995585,-0.6056798930832201
1064,-0.43232398304370934,-6.913647708965339,-1.287367776286763
1065,-0.2930318954173323,-16.555401513343202,-13.418205247207737
1066,-1.000446214837574,-4.907351098665465,0.1289394750902204
1067,-1.2229843630505546,-12.124377816254231,-9.210317603101215
1068,-1.2081390824004068,3.841886535441075,10.413091592193444
1069,-1.536486619007673,-6.270594284544771,-2.204596092257888
1070,-1.3389310607052014,-0.20191337387219283,6.303872083142004
1071,-0.5358304427123871,1.4459457630437205,9.269470371280452
1072,-3.410257949854413,-10.890871232744756,-7.750365960768318
1073,-1.2792484767030854,-2.612783780481199,5.763576542960846
1074,-1.5727998760712611,-4.520363388378527,-0.17328146803717293
1075,-1.971856064025299,-4.628072949874199,-0.8126214687812708
1076,-1.0427650221749287,-1.1971156525347448,5.529518683071615
1077,-0.7110265389081476,-0.3620626417860433,8.345740011407546
1078,-0.9085181759543421,-1.049945082077938,5.277089622825451
1079,-0.5339370406423262,0.5444377626313104,12.008731796638601
1080,-0.5434491248285414,-0.17964706575873876,7.797220779611765
1081,-0.7842024734810584,-0.5080508802544168,-2.144912902373487
1082,-0.45290484300453526,-0.20930530907369782,-0.42233459047873323
1083,-0.4195160599749536,-0.23315529989744224,0.8594921672630595
1084,-0.2163790309128941,0.49659281770128083,3.0704567155658715
1085,0.56162412921294,2.366430888320771,-4.224928663065754
1086,-0.6735413685978136,1.2504339661317834,15.325596257287831
1087,0.3230741227829038,3.799613692745127,5.433840062071864
1088,1.1567438786157727,5.707978421755864,-1.547445251100159
1089,-0.10255097377929016,4.296132711998508,4.732031835567893
1090,0.025495054512699993,7.989042447539818,-10.47582505316784
1091,0.1802847652057789,4.062579421157695,2.826272579431274
1092,1.1112975602806334,8.16259966896598,-8.055047521402399
1093,0.14537559848143916,4.967005762795814,1.0328005592871952
1094,0.05990911743041713,4.393323824858324,2.0722841862659287
1095,-0.6158300859000844,0.7224312856528665,16.253136539534875
1096,-0.23079846580414845,5.523941127765546,0.071936817490041
1097,-1.5893465038580774,6.257975739519123,-8.35762138797324
1098,-0.3387526483632821,0.667331429114623,15.040362302626214
1099,-1.6937849087540942,7.823299163864948,-7.342526697614017
1100,-1.7361030601158907,5.1480530111857625,-1.1727320215498263
1101,-1.0643876180547158,2.5509978138467972,6.196133617833127
1102,-2.796215816626439,3.181573416248061,-0.3258542728549217
1103,-2.8914501936156802,2.910443457310316,0.4179296489509772
1104,-2.5186023831372446,2.8181884653403046,1.9151578778948803
1105,-2.0281504210807233,2.487688422975856,4.160332879709428
1106,-1.6048511133153203,1.7379788382588752,5.912484165267954
1107,0.7724653206719843,-2.21124311732227,17.28198995819551
1108,-1.2948315386688256,0.4488478185468666,7.980269004945006
1109,-2.9617159669526187,3.2308041899108058,0.9652966112536406
1110,-2.8697070069929502,2.292167752759152,3.101183317131746
1111,-1.2140136251532552,0.6388932744291194,7.720044689450007
1112,-1.9974954571266768,1.938081672908605,4.629985132394006
1113,-2.759157464388477,2.7967718976871736,1.8554132288218388
1114,-1.3724618639524506,0.8351687520814008,6.8143015736960475
1115,-2.504886866960023,2.1593141972385452,2.9602664187015906
1116,-1.5188017913517502,1.087444217549783,6.231221645896839
1117,-1.7395193663194901,1.3112465287860668,5.214983893762605
1118,1.7312528702241414,-2.3138026549290425,14.386907389023646
1119,2.2284245405697676,-0.8832702025941602,7.484032790998718
1120,3.6669182611656224,-1.8631674898467288,12.381877561132843
1121,1.5343060257300762,0.7858289360743453,4.691460091715381
1122,2.030705142100349,0.12703244770244748,6.378383129963689
1123,2.4777720070300417,0.16133635064463359,7.862277357816703
1124,1.7587046885041255,0.6653574484072118,5.284188759715361
1125,1.3975773350854606,0.3797073092844369,4.311870103795192
1126,2.6073208142506683,-0.5713154253397502,8.542297269607527
1127,3.0859736133312863,-0.7835566169018412,10.373955235920581
1128,1.76459468362735,1.4159236865978861,4.870724219685801
1129,2.920763846636936,-0.5805040714678293,9.676094293421531
1130,2.047990902118446,0.8899134805851032,5.64212688402333
1131,3.3433595614531773,-0.9914411972834868,11.825804044513797
1132,1.628843852696746,1.679030954652982,3.910120569983179
1133,2.108097640962717,1.1549556649273849,5.464501191707919
1134,2.5394404512995443,0.2870470707742506,7.993573195304464
1135,1.240951455144581,2.2198565680994315,0.8120081606348171
1136,2.5498162786176644,0.34440419533106686,8.01490323702307
1137,1.8646637894466256,1.9215617905356912,3.429778888304499
1138,2.769296999256486,-0.005841768485185733,9.424129085023523
1139,2.554854366010066,0.48024197734219515,8.223625424971301
1140,2.1903475195843813,0.9806871614253438,4.896405238745052
1141,2.3702558741953617,0.9629104297380681,6.603815146800283
1142,2.3585098349365565,1.0457628146007834,5.983384964884447
1143,2.4326560149695413,0.7587914326200563,6.340237226578139
1144,2.1264573235519775,1.7492435505342971,3.800748083227062
1145,2.082153014962337,1.9066296096542192,1.9176990069575832
1146,2.4447776159401764,0.8675543145051214,6.666766913705346
1147,2.3257362166755327,1.805294603207054,1.617783662665732
1148,1.9379584401401238,3.71346843309075,-2.5279454948512705
1149,2.45284338470694,0.8716578244491262,6.918554457386914
1150,0.8265181510838152,1.5215313836592084,4.69183444983879
1151,-0.7880811936118339,0.15537701401173903,8.653630357531418
1152,-1.7633956979825893,-1.3792348242719987,21.326314916243057
1153,-0.6668171531734961,5.131690792471055,0.21077009330716792
1154,-0.7143461893527172,3.7833719701513,2.698429069264628
1155,-0.9370500544778565,4.092783471020021,3.2383271014472292
1156,-0.6487916040963019,3.3928996452394156,1.4522130895568404
1157,-1.0519681412204227,4.223582414397469,1.6691355929492284
1158,-1.0237520985188997,3.6662769435580995,2.3163159334571843
1159,-1.1230626286511503,2.6694948183326135,5.966007624747348
1160,-1.118980164668297,2.5752296084647583,5.592979769218973
1161,-1.2187080895821512,3.8630357317252617,1.564784975041194
1162,-1.242840974531707,0.7840608342483151,13.824347944190961
1163,-1.4237256835587195,5.299462668755422,-4.876107761691608
1164,-1.4006795977675173,3.1784761942703184,2.960756354425886
1165,-1.489187726836709,3.8844073490424527,-0.8442909256267412
1166,-1.4655457283362825,3.3159135180086143,3.020598487901959
1167,-1.2627192259340612,2.265023226749211,5.997028395655341
1168,-1.2431481009487257,1.8817236920917593,5.731829139325376
1169,-2.079401467907676,4.385777440193953,-2.5231746791543763
1170,-1.4022096822164878,2.6746420030766993,4.814996542044312
1171,-0.9326969784301014,1.8316716130787278,7.762616388818331
1172,-2.473715116403282,4.7316384397943425,0.06376216481535166
1173,-1.846430900278475,3.339132076794108,3.8728416504603036
1174,-2.525599832782558,4.623439628398892,2.0781563941238033
1175,-2.3873914261927247,4.094347365645177,4.008144189136243
1176,-2.814755227201109,4.55768191761564,2.46205742606873
1177,-5.525790454417951,7.4960378585980685,-3.000718265427331
1178,-2.840694128220586,3.7157340741914897,5.580391298255945
1179,-6.092622001720721,7.597276575182426,0.0534065131141136
1180,-5.963068926332823,6.471737296849569,-0.1236972845863888
1181,-6.640929923739589,7.013853077030476,-2.109482598058087
1182,-6.038643542330968,6.286722974163601,0.1331646816049001
1183,-3.2188823295885585,3.3485523126896086,5.320222185208861
1184,-3.7200010694693875,3.7979317023466743,4.741640508421324
1185,-6.281985690180911,5.966205065579019,0.37957830784704827
1186,-2.701828334775026,2.469413941287368,6.464856607622136
1187,-5.19292698647582,4.731983234086293,2.068415952490177
1188,2.4775482037879715,-3.0152969444527473,16.044853692200302
1189,-3.3504074606693997,2.765283387669068,6.024668748845228
1190,-3.4941962914978633,2.9235092217019933,5.708272409236162
1191,-2.4713787236212954,1.7966023092470114,6.858160056573696
1192,-1.4609260991749469,0.8965017562719654,8.957967692294782
1193,-2.306918565580579,1.5653144099762881,7.133395334570258
1194,-0.5359248929851096,0.14963031366713841,10.204732725472113
1195,-3.3471635488781417,2.172908682709407,5.64849946162151
1196,-1.5822822886090384,0.8787636487167916,8.840570830233794
1197,-5.021969135402241,3.1877385017706916,3.688227402671391
1198,-7.4381954838009845,4.469996689836272,0.3080314507400367
1199,-2.9703162509233865,1.6533113088887017,6.664786739136979
1200,-3.3919666041052885,1.916422189369653,5.248906486800192
1201,-5.118826126576372,2.701470346001119,3.5344995185888233
1202,-3.9888240800004175,1.9906920046054675,5.151346716538319
1203,-6.599885325283125,2.965347034525399,2.131017099419112
1204,-3.021529752030746,1.2565165924649349,6.113033258763967
1205,-4.115134687687753,1.7144075860086208,4.690758092603411
1206,-1.488444765761808,0.4791714079350269,8.79952163398157
1207,-5.965228771248373,2.3594113321330665,2.40661598339884
1208,-5.948133491534589,2.23347538121435,1.472426051975562
1209,-1.9219918143796704,0.6262784071724735,8.426824534151395
1210,-2.842353612921756,0.9118393151239753,7.357863060279345
1211,-2.4468344274373197,0.6394541638575447,8.029271392015767
1212,-3.159304546230139,0.8646079549989153,6.602925457922506
1213,-1.0405331637410398,0.13342100529451947,9.74319260021467
1214,-2.502573119467392,0.5597598865811112,7.495854929736746
1215,-0.20428089965910606,-0.29057928719060905,11.133918605965842
1216,-5.941123384821524,1.4198288556469978,1.549650343574979
1217,-5.966268070485813,1.458342073869134,3.18049303015951
1218,-7.773088810078222,1.802290848395084,0.12467636029273207
1219,-6.3164251635599795,1.469142369590685,2.760009082608337
1220,-5.824656891262479,1.348702702905821,2.186580048119282
1221,-4.658186621746772,0.9128951841387336,4.607085384736746
1222,-4.006150108433353,0.6056224012383723,5.592786601223791
1223,-7.937651811106027,1.2963469188811019,0.44030562431009246
1224,-6.357252591123229,1.0233847129933638,2.8249971498532847
1225,-2.8616331109879667,0.0888669534815454,7.856643717410143
1226,-2.3201891566325967,-0.042416578899369194,8.82396758730722
1227,-5.105184000865474,0.4577734475826241,4.8502944331856135
1228,-5.701200470776929,0.4022562116089225,4.723534482758487
1229,-3.659165972185883,-0.16950785403550295,7.722579893513099
1230,-2.5025988754113184,-0.4677757020581912,9.222661275530683
1231,-6.156764102326943,-0.018151080353095997,4.288367136368241
1232,-3.4808811232699792,-0.35110899207088636,7.516260870230789
1233,-2.95360399262405,-0.5135266969961514,8.365035566243227
1234,-8.734032539665167,-0.09362173775952384,-0.6480878084066483
1235,-5.01592149319836,-0.5647804893037178,5.42458447793304
1236,-5.066519949498705,-0.622746926138718,4.991368064550223
1237,-5.824035794656609,-0.7259643964607214,2.81825820934338
1238,-4.6319869000201646,-0.9782052002550069,6.138220782114445
1239,-4.629817218042587,-0.15431223663400906,6.206426700902404
1240,-4.741567442127458,-0.23208580317408187,5.821495975317125
1241,-4.697831483560919,-0.24957245596986363,5.838365820495496
1242,-10.251522303776698,-1.358084404687815,-3.0974715535326744
1243,-4.482059784239092,-1.352661943544383,6.163368646639355
1244,-8.87740650446936,-2.6505693711536433,-1.2637195077919965
1245,-7.792405452468138,-2.5275565370722624,0.22218086953592867
1246,-4.99695447870913,-2.190365213951812,5.002393920940254
1247,-4.388465537570705,-2.8601704266697743,4.912719969984039
1248,-10.714101635514703,-5.138211199607605,-4.726219288652609
1249,-7.79778013009261,-4.035338794899021,-0.1908166371646336
1250,-8.516105764669028,-4.689499973693238,-1.6033240420682493
1251,-2.1447968230588246,-1.989248710171731,9.041624541803488
1252,-5.289404114777382,-3.570973998750895,0.7574723493610955
1253,-4.033808938984115,-3.1282680562283245,4.182421577759126
1254,-3.6656419840710286,-3.113904239242841,5.209962545589948
1255,-3.6850335705646398,-3.1939020628290233,4.923956277360299
1256,-6.66660177541749,-6.167274373221652,-1.1837470315977328
1257,-5.454685229709831,-5.397144509203317,-2.329394223423863
1258,-3.277965378577715,-3.978969105451184,-0.14597310041724607
1259,-0.4467549954277099,-1.3383310282536025,7.083456025416894
1260,0.1704427801067552,-0.69171612922361,8.738019749781571
1261,-2.7087120827157705,-3.953789743926193,0.6483045951476306
1262,-0.01047870018141699,-0.8937809086805878,8.323764577504518
1263,-1.0320896908008232,-2.203363959191674,5.168662317571851
1264,-2.8214123431051883,-4.506495745589423,-0.8019114347980559
1265,-0.24422413160752143,-1.187974234516932,6.637265309061547
1266,-1.4801048719895054,-2.894881751610556,3.5881325291001493
1267,-1.0313704044719305,-2.1887159670811513,5.344838992653685
1268,-1.9065232993081513,-3.365174900245841,1.5358434013069067
1269,-0.10217865572393414,-1.1544505768285702,7.38781123126501
1270,-1.7884132934225394,-3.410491218045394,0.721746130255525
1271,-1.1928903608682244,-2.845462852288827,2.1428831856275496
1272,0.7570147144411956,0.08444198583149747,10.60786512514009
1273,-0.8306729449568184,-2.0374646264185117,6.96828744371457
1274,-1.996016445715172,-3.6815887992199614,3.2265117888457873
1275,-1.9644267069895434,-3.6699555142199376,3.8952869300346826
1276,-1.1664380177491518,-2.475077140153715,5.491953851798043
1277,-3.2230057402409185,-6.017695171598515,-2.5813602719327196
1278,-2.673126475189459,-5.294758257268496,-1.3776347448847712
1279,-0.1459077174730936,-1.2693409811491903,9.418449275289234
1280,-0.9191729325411041,-2.4021654722217924,6.393325343440637
1281,-2.0751853466809074,-4.333595376465744,1.3597417777258527
1282,-1.2412386069727475,-3.054461573434432,4.363270861950807
1283,-0.6725122108633423,-2.14418150847407,4.976952318363978
1284,-1.0798737676905987,-2.694785150182128,3.7109143394072865
1285,-1.431482848491576,-3.292177945789623,1.0256540682218627
1286,-0.7762315133741357,-2.0430635688951297,4.3764943418532765
1287,-1.4146932721443715,-2.895381460062562,2.2362779633074696
1288,-0.9701188988968049,-2.1120924499685008,4.492017031600546
1289,0.13163489382802432,-0.66566017422162,8.270048810805749
1290,-0.22329026606202973,-1.090955633058953,7.328832548569837
1291,-1.0531116272949907,-2.6084619524534944,5.794040683963887
1292,0.5733227732863244,-0.9645180751629411,11.112723329040545
1293,-2.794781723805746,-5.160839290062884,1.434293398314029
1294,-1.6976206143022878,-3.3676760624686826,4.215501551624935
1295,-1.8753496840631092,-4.19229881003589,3.973975114764868
1296,-4.0378221523341695,-7.294173492309005,-2.817250168115882
1297,-2.1748437212067206,-4.3835978375750715,2.2601646895075294
1298,-0.08377552300366861,-2.281423751796222,9.134507546828447
1299,-2.9552762301809508,-6.266427268217309,0.04203020706815236
1300,-1.2094466146748046,-4.035118988102704,5.791276428366367
1301,-1.8206949843185996,-4.6355176639159,2.2973169476457507
1302,-3.1966915771251485,-6.650525399059567,-3.883991171157046
1303,-1.6171228236737991,-4.476187780421729,0.927940471798631
1304,-1.4485039989591666,-4.523545974545265,2.562847466489591
1305,-1.2784641118766216,-5.1647875724384775,1.4981237615428593
1306,-0.35826912975251624,-3.3293919273078303,6.107393239955758
1307,-1.2301847094446543,-4.877362813118335,1.9631326183792321
1308,-1.2030122550413318,-4.848939073860135,-0.11847762228251046
1309,-0.8215909435798716,-4.114068859772341,2.2861022620054703
1310,0.02859382818899631,-3.2187149600798173,7.140298258934387
1311,-0.5415052253842468,-4.601146738543225,2.336443720205344
1312,-0.8326645617342718,-5.991285556931556,0.5794793171228922
1313,-1.3511430146325127,-8.001574383028423,-8.66678726750208
1314,0.24291660243998336,-2.9341861756298018,6.118808670941344
1315,0.1837255692888437,-3.4492485897190996,5.066729007172491
1316,0.34558201622440166,-4.00690827867967,4.498438651977996
1317,0.7018705681238285,-2.4842302925508535,8.436090240996439
1318,0.48878312664507084,-7.6353770899262825,-6.795967018480502
1319,0.8372351637092047,-1.6377194109083808,10.604279521378292
1320,0.8828983526138484,-6.193375166426542,-4.543642454302789
1321,1.262331310630843,-3.5835866263326532,-1.3636474814764166
1322,1.406323660194091,-3.44042110644123,-2.266268150230482
1323,1.4238181561144956,-3.777131285084787,-0.10449012323935261
1324,1.4032317271760508,-1.1556735566470704,6.290943196947492
1325,0.8347550091966499,-0.6225538746568297,7.189019945551975
1326,0.4685692763340119,2.3608308450488082,16.4056744230963
1327,0.6736336401669512,0.8492988221291681,11.16622758842198
1328,1.4990055397140352,-3.4670111251982765,-1.1228200161194144
1329,1.3129468053122264,-2.474211425040263,1.8927237383793287
1330,0.7661999279081468,0.08114277095779283,8.989280983921054
1331,1.0748503578098774,-1.64407721260205,4.321061504416446
1332,0.8703965536317807,-0.916951882130364,6.050160705323877
1333,0.6226776774326112,0.6351249746200428,11.032966437151677
1334,0.9614250574232406,-1.060781130633122,5.624896810852306
1335,1.1755239523786571,-2.2055712280807533,2.5426655166347727
1336,1.2892514559747315,-2.708853575441601,-0.4752561461141023
1337,0.637003622475964,0.08116233178378952,8.70184944782815
1338,1.0075737718779052,-1.5150936451551962,5.2122685438393805
1339,0.9834624255135141,-1.6499591404642886,3.340726204569121
1340,0.5607427981349115,-1.881349237043519,2.140768507486098
1341,0.17069900036495533,-0.06696662478270689,8.49293221440187
1342,0.23819712252313316,-0.10047023541413586,8.913979001006126
1343,0.6144570516021475,-2.7876456128601195,1.398094345411007
1344,0.19841630892120343,-0.09009779073490369,8.841085965341822
1345,0.2539001125840076,-0.009913833401853575,9.914131439649957
1346,0.6820350896826094,-2.079096209350111,3.0219086605179406
1347,0.5822043498574481,-0.494586052469714,7.452008761577966
1348,1.2477657341147608,-2.0422978819820954,8.4640912247863
1349,1.1429066706530056,-2.1135284057052703,7.674497031627816
1350,0.853282204644128,-4.487254997212068,-0.10490576869746766
1351,1.1791058945878696,-4.143941450546682,2.7620056381709315
1352,1.3745820898522019,-4.5777598268572905,2.6077367316583975
1353,1.0525897242375921,-3.979620446730244,0.3033363164131431
1354,1.492446021942245,-3.685049068699373,3.392451437638857
1355,0.984083551909907,-3.250432634715267,4.201003529364166
1356,1.2940354511348349,-2.716407240813725,4.616987515940095
1357,1.3720656007435033,-3.5025488974088526,1.9623544601201388
1358,1.6667805237149316,-4.515941436477396,0.7275389086999804
1359,1.4554249464003621,-2.069113399533489,6.959029532943427
1360,1.7317053429961318,-4.2784289288516035,0.49823784748240113
1361,2.015282242683664,-5.210778510078889,-3.468546831741622
1362,1.5842933407176185,-2.8500576234789787,2.9373719617647773
1363,1.0981249197793217,0.6896211468231509,14.260725780113509
1364,2.670981188685613,-5.6987076371272165,-9.111940144755293
1365,1.4640414964748993,-1.8632295733789144,4.349523552061275
1366,1.947636693149317,-3.1100420646144773,1.1579420459540752
1367,2.4035494394778203,-4.1109872537682595,-2.0886924820844666
1368,1.2536472849125606,-0.8047105923611246,8.148476534851758
1369,1.1820318232255114,-0.06693256578508693,12.122613984666984
1370,1.6869222653409806,-1.8087341400493706,4.064415083549953
1371,3.0828221889743457,-4.4753636717859955,-5.945880865929293
1372,4.0172273207535545,-5.185665633005439,-8.311318942582085
1373,2.6655590036162273,-2.877265880714043,0.2941268572621174
1374,3.9247076542336923,-3.860481260676314,-3.8114259179153227
1375,3.659430750145991,-3.441657164749146,-2.619456763720129
1376,3.4149258909029747,-2.839888817543831,0.13854410012218335
1377,4.388640824395289,-3.9290776596643564,-1.1868252622767406
1378,2.2841779843445043,-1.451818452226425,5.892207258500561
1379,4.241576201005836,-1.533302266193507,-5.041526063470983
1380,3.490733477346264,-0.5875155282408131,-4.703638511277789
1381,1.5772669940215955,-0.1388754674325738,5.898719316069964
1382,1.5644645349550605,-0.187033117442841,6.160356673578832
1383,2.8291120546012665,-0.6708365833784964,0.41196618852070044
1384,2.2218376136763593,-0.52288939324784,2.718418751934514
1385,4.601615303403914,-1.5652901965257158,-6.03315628232451
1386,2.286293105831742,-0.5691109952310448,2.0728998647513674
1387,2.365555099288707,-0.536070689416998,1.0201901232543662
1388,4.51982403278659,-2.3738135263221274,-3.075345498801292
1389,1.7442754491717516,-0.3658580750402862,3.5054007499706237
1390,0.6443275992117358,0.3248813970521442,8.102753903302983
1391,2.428998547282541,-0.49752070567531514,0.38037404047940315
1392,2.133956496123389,-0.3252807789654685,1.1221272569792822
1393,1.280943997879146,0.019352819656452316,5.06809042027455
1394,-0.06842507726896752,0.5719130913602717,11.604974772337938
1395,1.7485160576781358,-0.32969257810511765,3.1788793444208028
1396,3.1644159446736646,-1.2667089711615012,-2.2540139335588947
1397,0.26232432750662643,0.35468055379883623,9.158784545836511
1398,1.1113459663012126,-0.4309114730585599,5.689837496998452
1399,0.48319955920304275,-0.20247179587670772,8.19268770795976
1400,0.68378003715224,-0.37334036669568305,6.499811262296724
1401,2.705225718649503,-1.5127748497534266,0.7660621900829115
1402,1.6596528311069179,-1.1844744997663779,3.4716228139921355
1403,-0.11558354055568862,0.174268917042227,9.75208566515937
1404,1.920620381866529,-1.422680787122902,3.977554991060498
1405,1.718987195063542,-1.1377481726245162,5.0384234212448575
1406,1.4929114940794912,-0.8610234556525566,6.265512334868821
1407,-0.44647790092530615,0.8919098967464023,11.435645101765969
1408,0.0513638217367284,0.4581366047112187,10.412826665475482
1409,4.1442418270173045,-2.797925232316438,1.258161774011935
1410,0.23247431939717647,0.15690017313636126,9.08470626465961
1411,-0.5413052029668386,0.5558730235642199,11.503735289305146
1412,1.503483421223648,-1.743529922154394,6.974605464838568
1413,1.0544437296747178,-1.9532516458749778,7.711043230610123
1414,0.8141627884026797,-2.0723926035554716,7.3223408943097485
1415,1.2245667328250196,-3.2368206398477866,0.49352867005655343
1416,0.9138447013535521,-3.2228220746180454,1.4627148453984926
1417,0.10707134488309483,-1.6394734839603005,8.742601509189972
1418,-0.23821626529063605,-0.9251767502850458,7.3114232086357
1419,-0.11698517165503611,-0.14422964853255252,7.026858789831931
1420,0.24081410666910522,0.8350660135234821,11.039480487009577
1421,-0.8776098534295832,-1.3038953906942978,1.1345987812103682
1422,-0.2246293044096855,-0.2372178445304166,6.478613449973178
1423,-0.18015644520201643,-0.09915619133287693,7.075014152562003
1424,0.6010167796399414,1.109666192230995,11.595485075199319
1425,1.179533226481496,1.309678429644407,13.09412030124159
1426,-1.3222376644606395,-2.6836623825271446,-2.1350809506151953
1427,0.38074240327500253,-2.102297271322504,2.826976381364841
1428,1.5185635774024082,-1.7192405444096346,5.739555462419152
1429,0.4887079276687783,-3.384897828689897,-0.9701421121688658
1430,0.5578729687953602,-4.504159964705146,-3.5626259934115865
1431,0.8449522811793262,-4.155065707536436,-1.8713366968843776
1432,1.4112173028500283,-4.513605377838495,-2.861724925675864
1433,1.5543666249794668,-4.295137766281102,-2.8967728272571294
1434,0.409086117478799,-4.9225187714213705,-7.561651529207881
1435,0.2684720133910448,-5.161530036656192,-12.704424394417419
1436,2.1800401274868255,-2.561760635359759,1.6224217656840214
1437,2.1815679851543477,-2.6047902217486443,1.4907803576029754
1438,2.7815742323976353,-3.7926376952098946,-2.81811165064966
1439,2.2902816199486535,-2.8785758241324984,-1.2900470260815817
1440,1.7178296787102478,-2.3720854970651497,-3.0726918803382715
1441,1.6315346238385677,-3.0016164196342703,-10.206974175371217
1442,2.722449095469284,-2.8884357626349506,-6.187428813387019
1443,2.6866931651079007,-2.3454383885252166,-5.071240074797039
1444,2.2629923749927285,-1.5453592720729272,-7.705014289943598
1445,3.255671357261006,-1.5335777586751993,5.050406924627797
1446,2.197359943353732,-0.3697094917779134,-3.3371103853255626
1447,3.6208900126089114,0.13944229562524976,-12.685564193815324
1448,2.259822277356147,0.37129779476635794,0.945862045783238
1449,2.4479108441940327,0.8757783558213814,-2.1521485540354024
1450,3.2827506330572396,0.31792516965090245,-0.6887079750755113
1451,2.4123785633519628,1.4632545074131136,-1.500023930265866
1452,1.6140331867536215,2.6305394501831736,-3.356867734057284
1453,1.0485684968443871,3.6860677876284855,-3.8590313954668414
1454,0.731206527999305,1.0614513175202072,4.715534476195499
1455,1.3280751235505648,5.572035884982934,-7.103725434212885
1456,0.5243548000822136,2.1114476746349062,2.858896048984504
1457,-0.06343881531957214,0.5218100574291473,6.819525904690687
1458,-0.24776921286244005,1.4922981308166465,5.629375133346511
1459,-0.21814930361093837,3.342311470768731,4.767260390029736
1460,0.2702511351523897,-1.8744346674857033,13.476837917689323
1461,-0.7899691799231692,5.4156339429657345,2.9021023073404573
1462,-0.5950141805189435,4.958571742071563,3.394462969151677
1463,-1.105810137064328,8.503564116057431,0.31429093584253565
1464,-1.530045249967363,7.51791623509318,0.23935105141801635
1465,-2.8392481785582855,6.103545426906286,-0.26808709691822646
1466,-2.5999088996873607,0.4444894343365274,6.3501138983925705
1467,-2.5125731956836175,-1.481606555792155,8.789722731684316
1468,-2.579256168787868,3.354243942997909,3.0930288811120668
1469,-2.4331343304630657,3.4137675304980903,3.1091494478466313
1470,-2.462844436890564,3.2110194547234823,3.3573122065251484
1471,-2.3192927990349363,2.562962634961647,3.8725105445706522
1472,-2.6299191553959056,1.8035327842963336,5.2155800302229185
1473,-2.689617950497872,1.5670741903969978,5.64680279754514
1474,-2.514409052863172,1.1106415746774996,5.746943034657951
1475,-2.6546079180950555,-2.6662872427923503,10.526476047270942
1476,-2.6654953151322087,-0.006269353014449517,7.373024770911337
1477,-2.785576637851573,2.885382630280413,3.702496756972547
1478,-2.6531894860539453,1.5851212083259696,4.823633744563733
1479,-3.0694296248641892,3.7281467922832245,3.6222106362601645
1480,-2.6263716349700617,-1.7075522011939746,9.512303600286433
1481,-2.9844279276782,0.5805157330256866,6.886723745040279
1482,-3.153412005061946,1.292893245839656,6.370573095116121
1483,-2.7859089709178813,-1.066421976945315,9.338559345532438
1484,-2.3521386433312266,-2.823509939573577,11.734607547881396
1485,-2.7682357989049575,-0.9625205651186143,9.074393900628984
1486,-3.8068375819892064,3.0564506820583546,2.545314969203878
1487,-2.257699193167914,-2.2107726420151135,9.08230721582396
1488,-3.5741877177458843,1.213661247384788,3.98019032892266
1489,-2.7824135188660994,-0.9981835409252748,7.08335091933861
1490,-3.054385830176016,-0.35193956316777114,5.964928171529121
1491,-3.5316662812098247,0.7247037293980376,3.988418262152835
1492,-2.641288050810983,-1.0446799904143789,8.157056875161476
1493,-5.184967717727192,5.496468711462054,-0.9177608959093625
1494,-1.7553263629861031,-3.3725472531566414,10.82689883343658
1495,-3.3710436178713326,0.4854523735278583,4.991957469420744
1496,-3.5533896726267225,1.036149403368266,3.985089509273007
1497,-4.426244219589797,4.367873327653852,0.1673199055938827
1498,-4.318582280073462,4.204787898081133,-0.3593219472272755
1499,-4.166131789583735,3.6097168812466847,0.05180752477209814
1500,-3.3611566909775985,1.7065941052575397,3.494610100691289
1501,-4.570236756815753,9.106981406551743,-6.32196034894245
1502,-3.8518245609283546,8.16375396083737,-5.801256878533525
1503,-3.0571510331369813,2.336618181575253,0.6471103562547201
1504,-2.7328387239191,3.1079059674261695,1.630452185534364
1505,-2.272230005108784,6.111729529956487,-2.24837364491044
1506,-2.125612134839093,7.172753633490407,-6.591908190032981
1507,-0.7202787307632585,3.8759121795076754,0.5677288072179197
1508,1.6608581904156732,4.042055274939365,0.25725590246159913
1509,2.448519428936377,4.843866360210709,-2.2845912660476517
1510,2.7148390301158516,4.3660518680618585,-2.2365598871303205
1511,1.9479778511381716,1.2604771499102263,2.4710697072886205
1512,3.5642623895474306,4.154156235489512,-2.462710528739338
1513,4.123863474134486,3.9746819579814057,-1.8113444959276255
1514,2.0768674369365896,0.8448981912699953,3.7725879857860263
1515,-0.3496725385230602,-2.776395465452385,9.789359284233305
1516,5.920585029121206,4.482370329810271,-4.535458817948601
1517,6.081284976269755,4.837460273482514,-2.0911441240892525
1518,5.766392824796249,3.619642350790725,-2.313215572367085
1519,2.765845735458007,0.5689033959004409,3.658622044922604
1520,3.633645867546471,1.2793158746700792,1.9691321480052177
1521,8.285764370570883,4.343994752397342,-4.72900852845861
1522,1.6763549563141333,-0.38660140264108056,5.874812912340159
1523,8.268055564060846,4.001753891970591,-3.450915922113064
1524,4.020316440940492,1.5929450049336902,4.76578557079
1525,-2.263027691956313,-2.1819412636522904,14.10403387436529
1526,0.836619992307129,-0.43492446239919563,9.309790738858776
1527,3.8010070407207697,1.3372249722904774,5.1200238453925175
1528,2.9860814835006657,0.8580463719458472,6.101244762510122
1529,8.106353370908323,3.260185220690828,-1.6096969579945637
1530,3.907115163056734,1.25877461009736,5.40767877457169
1531,5.590720405839816,1.8387748964841935,1.1337704497381902
1532,4.37379562750973,1.2738560208504925,2.32962178796078
1533,4.826175811189189,1.4447785072988315,2.0808401446882434
1534,-3.1381820300490624,-2.4415631508210467,12.309133808182972
1535,7.12305625416725,2.112656060319687,-2.911158038364592
1536,4.093718270235809,0.903481221892671,2.0614081366434354
1537,2.3593667142857964,0.3244604645789913,4.181845053372596
1538,4.734695151268346,1.1907537204882879,1.4168778380670166
1539,2.067215843629778,-0.019722956642108908,4.5106610442938555
1540,2.8323017772749863,0.3017993105283875,3.164560311804132
1541,6.576317124772327,1.4313749935589544,-0.8341559886116071
1542,0.8705724412380365,-0.4058089751488829,6.224355207160961
1543,-1.7316509789805605,-1.1252470348391042,9.92219593334751
1544,2.3932339410166295,0.21710999720721147,4.239059017563398
1545,1.5077286105820251,-0.12376071235617386,6.021586409004133
1546,6.686759831225871,1.1206955056388213,-1.4160942211873713
1547,6.626653804530314,1.1410040878205214,-1.724312695449871
1548,0.04425691240065417,-0.5054340413165259,7.5933604687897605
1549,1.072590566451861,-0.17087659694412322,6.072156716919217
1550,4.497585664057522,0.5404169948389946,1.966484200781729
1551,3.9436224120169547,0.36445281004241015,1.8068680208437948
1552,3.0045801610185463,0.16536406562708994,2.9361787479112773
1553,0.9897188513070807,0.010324873792120319,5.197905147337756
1554,3.525430142639934,0.22435639757497092,1.8256614825916482
1555,7.606155922799913,0.15752902517730677,-1.8264267230167428
1556,0.6127024517825832,-0.22698888511447782,5.913882594321638
1557,5.591627117689202,-0.0795601169798308,-0.9316443470912762
1558,4.583309024029429,-0.46231616474762177,0.6840706918211632
1559,8.846787769118304,-1.3158557152832462,-4.916813863298959
1560,0.959990232219836,-0.346532646434691,5.491946550661765
1561,-1.0467881696290595,-0.12791422594859578,7.746051522558294
1562,6.4302977967501045,-1.6358341471311297,-0.5583178156023825
1563,7.246756321487964,-2.2912590665045447,-2.139918032019272
1564,6.75439404552663,-2.520220430754993,-4.028925002610394
1565,-1.0372801218588965,-0.04283556822725889,8.192356913570809
1566,7.411948437952922,-3.2575222586785877,-3.55640002791006
1567,3.911620733318791,-2.0103055865388613,2.0763282254113835
1568,9.396796649052046,-5.553677525123909,-5.239608454913291
1569,4.711848475431688,-2.9567937257449906,-0.39799383877491873
1570,3.666319978212851,-2.4412794545912133,1.2844769775629108
1571,4.406538582596094,-2.86753110801763,0.18351840273967757
1572,-0.15700090972449404,-0.3111848085718042,6.848297576745489
1573,5.322715542364668,-4.32964710253808,-0.2506025530809666
1574,7.937226161068711,-6.773440877399326,-6.192615157911835
1575,1.4441500569289225,-1.630202229867766,4.302513722639283
1576,8.371098692442397,-8.485568484069246,-7.388595315094303
1577,3.4159608146281037,-3.9520299640504333,-1.2938967988756445
1578,2.211818879222148,-3.3525526578872396,0.45380563952468833
1579,0.7807606359011431,-2.644994944477176,4.236508387444781
1580,2.95462167497598,-4.225824813605819,0.017780162522823877
1581,2.3194285174033347,-3.645674737824034,2.4714437630697232
1582,0.39928564822433915,-1.147217018798102,5.8737127947869014
1583,1.8799442480716395,-3.4734189190666482,1.5970073848220787
1584,1.3642345984558806,-2.7485211067798105,2.121539996676135
1585,1.8775979814630521,-3.9799498644842837,2.5098749185950813
1586,-0.5786995183012448,0.27304263879465007,7.822235233083376
1587,0.9137882581023015,-2.758114360189002,3.2885747893655215
1588,1.6846818269439772,-4.733548057252363,1.2586472288350592
1589,1.2655467738940762,-3.9126688982673974,2.3444563705371126
1590,0.7908903694468771,-3.249676443905109,2.404547193416594
1591,1.274317807252912,-4.144344580018639,2.1123386435056477
1592,0.5321524249182048,-2.498592043770172,3.775256720013354
1593,1.4741066200167865,-6.798743990329901,-3.094420043884912
1594,0.400341211865998,-2.5341889167019627,3.5887966249512555
1595,0.1223015036255533,-1.6646026410689159,5.506817241706066
1596,0.8446601163358827,-5.882495560254446,1.314741102076539
1597,0.46168713276008416,-5.0274913641327235,0.14084039711499105
1598,0.5258282230437687,-4.926255599061433,-0.4004391785707071
1599,0.513618172709849,-5.872925781972102,-0.5603267436686044
1600,-0.11964046734471623,-0.8248004916318827,6.108281400421706
1601,0.06699779393745121,-5.614946856296823,-0.07962317394391756
1602,-0.08444552584164246,-9.769062876452516,-5.306494287726652
1603,-0.8704902662800545,-4.583876966218187,1.3102090164910294
1604,-0.2802011311074773,-4.809052057522398,1.8072830896795689
1605,-0.19664583066098562,-1.471444413061584,5.2775324456736605
1606,-0.6417378485405213,-5.735146244331489,-0.11048294576688737
1607,-0.7977213734524395,-5.146719412190293,0.7341417872005289
1608,-0.4157232915554263,-1.6245150626744214,4.9509393838344735
1609,-0.5074637235662348,-2.1895044531885235,4.844356112742421
1610,-0.5467890917174655,-1.9342080010526057,5.76766016185562
1611,-1.095769149345341,-3.8545368456081595,2.5072980504395703
1612,-1.5181962028080203,-5.758391171826524,-1.8991437386090393
1613,-2.220773228215873,-8.109673981658958,-3.434076323531238
1614,-1.2056047068405487,-3.488821124171894,3.88006129436255
1615,-1.3157602737713563,-3.100897781450115,5.386291690171905
1616,-1.3604664650891691,-2.9201689468247904,5.369346470684056
1617,-0.6272020340254211,-0.7326834646554845,8.597557318212758
1618,-1.7996496981890449,-4.391624551923868,2.405063542179361
1619,-0.5950364070450423,-0.8313017289640232,8.388773836993828
1620,-2.5288928449890746,-5.2421661293742154,2.439766963446731
1621,-1.1204983800738293,-2.9188864810530504,5.459379188507349
1622,-1.6961542262855456,-4.676159579899754,2.214290266320354
1623,0.3094651918448722,0.8009169077905504,11.584765661297435
1624,-0.9988458874350565,-3.1730022156634896,4.547722737974155
1625,-1.674681386460178,-5.116111285597119,-0.7620948292948125
1626,0.023280005611577875,-0.6234624005847349,8.888169848704873
1627,-0.1865634244193874,-0.7528261762384235,9.21546112961426
1628,-0.2641875558742753,-1.2950470097782747,7.049395808345217
1629,0.0999534339675986,-0.3343287055566189,8.904380722440727
1630,-0.10830497390115067,-1.6113488415224868,3.1781218282858608
1631,-0.06886509973911756,-2.328636677063075,0.7969728697804946
1632,-0.15583336302360226,-0.045009498629464184,9.483666744560189
1633,0.8226246575507945,-0.14095882057208525,3.6489290418075817
1634,0.0803281355530444,1.3408288544956886,13.032830486444833
1635,2.8707919797316546,0.46972188583715957,-2.73143096326797
1636,2.675310796740195,1.1750125400966245,-0.7210944735404041
1637,2.6226532453525406,1.4167665258676796,0.6249099750834697
1638,2.5757401030676723,1.416945069776631,-0.7371757015025316
1639,0.9798463910927666,1.5129526868875236,7.35993142249335
1640,-0.9920691064043328,1.0399333213286157,15.77116132992323
1641,-0.2342213361852903,0.3871905797873146,8.33274304828726
1642,0.11886211418483374,0.21865078803637877,4.459653529947964
1643,0.3508863675169763,0.29121393345401714,3.6122612894879644
1644,-1.0197969833638538,0.21220041057458286,12.253757042593262
1645,-1.4838738771802755,0.023816829813808105,12.755226681081668
1646,-1.1908333516252427,0.407391617771244,12.987230723453326
1647,1.1448076537875314,0.39008241399583776,0.8995859156038113
1648,-1.7461675344262686,0.9095371654990833,17.16944934120511
